0.137
0.297
0.629
0.585
0.792
0.564
0.223
0.230
0.196
0.827
0.181
0.564
0.089
0.435
0.668
0.590
0.536
0.116
0.780
0.033
0.230
0.144
0.330
0.153
0.641
0.347
0.150
0.301
0.403
0.234
0.184
0.193
0.154
0.431
0.409
0.341
0.315
0.074
0.261
0.235
0.290
0.049
0.443
0.343
0.455
0.034
0.450
0.283
0.153
0.274
0.055
0.241
0.428
0.347
0.035
0.247
0.352
0.321
0.278
0.444
0.228
0.133
0.138
0.257
0.364
0.214
0.070
0.303
0.153
0.069
0.053
0.180
0.087
0.299
0.229
0.504
0.336
0.321
0.029
0.549
0.158
0.606
0.034
0.372
0.595
0.335
0.686
0.080
0.047
0.134
0.443
0.307
0.447
0.241
0.207
0.102
0.344
0.317
0.683
0.556
0.832
0.246
0.161
0.312
0.503
0.428
0.147
0.376
0.168
0.369
1.018
1.089
1.057
1.035
0.994
1.339
0.286
1.208
1.646
1.390
0.748
0.661
0.718
1.014
0.348
0.462
0.602
0.547
0.447
0.291
0.454
0.080
0.091
0.495
0.361
1.208
1.481
1.671
0.242
0.090
0.530
0.865
1.218
1.406
1.555
0.518
0.600
2.313
1.465
1.243
1.594
1.474
1.363
1.172
1.415
1.080
1.635
1.295
2.208
1.955
1.739
1.243
2.168
1.861
0.979
1.115
2.413
0.825
2.631
1.990
2.694
2.278
3.454
2.286
3.803
1.808
2.349
0.485
2.793
2.361
2.971
1.628
2.397
3.035
3.451
3.041
3.292
1.641
3.429
3.230
3.274
2.091
1.515
2.228
1.910
0.915
0.487
0.237
0.947
5.113
4.650
4.514
1.512
2.917
1.252
2.422
4.445
3.875
3.871
1.347
2.514
3.275
2.845
3.154
3.600
2.523
3.023
5.978
5.862
5.835
5.456
5.367
6.056
5.812
5.539
3.299
3.130
2.856
3.754
4.413
3.700
4.993
4.893
5.123
2.185
5.714
5.875
5.186
3.492
2.376
3.613
4.324
5.355
5.747
4.224
2.545
2.869
5.506
4.413
3.961
3.259
3.441
4.721
2.133
4.087
4.577
3.803
3.960
2.978
3.691
2.202
2.355
