 ES1D    ES2D    ES3D    ES4D    ES5D    ES6D    ES7D    ES8D    ES9D  ES10D 
0.030   0.023   0.015   0.010   0.008   0.007   0.006   0.015   0.012   0.010
0.062   0.049   0.032   0.024   0.018   0.015   0.013   0.033   0.026   0.022
0.133   0.104   0.067   0.053   0.038   0.032   0.028   0.069   0.055   0.047
0.121   0.096   0.062   0.050   0.038   0.030   0.027   0.065   0.052   0.044
0.160   0.128   0.083   0.068   0.055   0.042   0.036   0.089   0.071   0.060
0.114   0.091   0.059   0.049   0.040   0.030   0.026   0.063   0.051   0.043
0.046   0.036   0.023   0.019   0.016   0.012   0.010   0.025   0.020   0.017
0.048   0.037   0.024   0.020   0.016   0.012   0.011   0.026   0.021   0.017
0.042   0.032   0.020   0.017   0.014   0.011   0.009   0.022   0.017   0.015
0.178   0.137   0.087   0.071   0.058   0.045   0.037   0.091   0.073   0.061
0.038   0.031   0.019   0.016   0.013   0.010   0.008   0.020   0.016   0.013
0.117   0.095   0.062   0.050   0.040   0.033   0.025   0.061   0.049   0.042
0.018   0.015   0.010   0.008   0.006   0.005   0.004   0.010   0.008   0.006
0.088   0.073   0.049   0.037   0.030   0.026   0.023   0.052   0.036   0.030
0.134   0.110   0.073   0.056   0.046   0.040   0.035   0.081   0.057   0.046
0.117   0.096   0.063   0.050   0.041   0.035   0.031   0.072   0.052   0.040
0.105   0.086   0.057   0.044   0.036   0.031   0.027   0.066   0.051   0.039
0.022   0.019   0.012   0.009   0.008   0.007   0.006   0.014   0.011   0.009
0.150   0.124   0.082   0.063   0.052   0.044   0.039   0.094   0.076   0.062
0.006   0.005   0.004   0.003   0.002   0.002   0.002   0.004   0.003   0.003
0.044   0.036   0.024   0.019   0.015   0.013   0.011   0.028   0.022   0.019
0.027   0.022   0.015   0.012   0.010   0.008   0.007   0.018   0.014   0.012
0.061   0.049   0.033   0.027   0.022   0.019   0.017   0.040   0.032   0.028
0.029   0.023   0.015   0.013   0.010   0.009   0.008   0.018   0.015   0.013
0.122   0.095   0.062   0.052   0.043   0.037   0.032   0.077   0.062   0.053
0.066   0.052   0.034   0.028   0.023   0.020   0.017   0.042   0.034   0.029
0.029   0.022   0.014   0.012   0.010   0.008   0.007   0.018   0.014   0.012
0.059   0.045   0.029   0.024   0.020   0.017   0.015   0.036   0.029   0.024
0.080   0.061   0.039   0.032   0.026   0.022   0.020   0.048   0.038   0.032
0.045   0.036   0.023   0.019   0.015   0.013   0.012   0.028   0.022   0.019
0.035   0.028   0.018   0.015   0.012   0.010   0.009   0.022   0.018   0.015
0.036   0.029   0.019   0.015   0.013   0.011   0.009   0.023   0.019   0.016
0.028   0.023   0.015   0.012   0.010   0.009   0.008   0.018   0.015   0.012
0.079   0.063   0.041   0.034   0.028   0.024   0.021   0.052   0.041   0.035
0.074   0.059   0.039   0.032   0.026   0.023   0.020   0.049   0.039   0.033
0.061   0.050   0.032   0.027   0.022   0.019   0.017   0.041   0.032   0.027
0.056   0.046   0.030   0.025   0.020   0.017   0.015   0.037   0.030   0.025
0.013   0.011   0.007   0.006   0.005   0.004   0.004   0.009   0.007   0.006
0.047   0.037   0.024   0.020   0.017   0.014   0.013   0.031   0.025   0.021
0.044   0.035   0.022   0.018   0.015   0.013   0.011   0.027   0.022   0.018
0.055   0.045   0.028   0.022   0.018   0.015   0.013   0.033   0.026   0.022
0.009   0.008   0.005   0.004   0.003   0.003   0.002   0.005   0.004   0.004
0.082   0.066   0.042   0.035   0.028   0.024   0.021   0.051   0.041   0.034
0.063   0.050   0.033   0.027   0.022   0.019   0.016   0.040   0.032   0.027
0.082   0.066   0.043   0.036   0.029   0.025   0.022   0.053   0.042   0.036
0.006   0.005   0.003   0.003   0.002   0.002   0.002   0.004   0.003   0.003
0.084   0.065   0.042   0.035   0.029   0.024   0.021   0.052   0.042   0.035
0.051   0.041   0.026   0.022   0.018   0.015   0.014   0.033   0.026   0.022
0.028   0.022   0.014   0.012   0.010   0.008   0.007   0.018   0.014   0.012
0.049   0.039   0.026   0.021   0.017   0.015   0.013   0.032   0.026   0.022
0.010   0.008   0.005   0.004   0.003   0.003   0.003   0.006   0.005   0.004
0.046   0.034   0.022   0.018   0.015   0.013   0.011   0.027   0.022   0.018
0.080   0.061   0.039   0.032   0.026   0.023   0.020   0.049   0.039   0.033
0.064   0.049   0.032   0.026   0.021   0.018   0.016   0.039   0.031   0.026
0.006   0.005   0.003   0.003   0.002   0.002   0.002   0.004   0.003   0.003
0.046   0.036   0.023   0.019   0.015   0.013   0.011   0.027   0.022   0.018
0.062   0.051   0.034   0.027   0.022   0.019   0.016   0.039   0.031   0.026
0.056   0.045   0.030   0.025   0.020   0.017   0.015   0.035   0.028   0.024
0.048   0.038   0.025   0.021   0.018   0.015   0.013   0.031   0.025   0.021
0.076   0.061   0.040   0.034   0.028   0.024   0.021   0.050   0.040   0.034
0.039   0.032   0.021   0.017   0.014   0.012   0.011   0.026   0.021   0.017
0.023   0.018   0.012   0.010   0.008   0.007   0.006   0.015   0.012   0.010
0.024   0.019   0.012   0.010   0.008   0.007   0.006   0.016   0.012   0.010
0.045   0.036   0.023   0.019   0.016   0.013   0.012   0.029   0.023   0.020
0.063   0.050   0.033   0.027   0.022   0.019   0.017   0.041   0.033   0.028
0.037   0.030   0.019   0.016   0.013   0.011   0.010   0.024   0.019   0.016
0.013   0.010   0.006   0.005   0.004   0.004   0.003   0.008   0.006   0.005
0.055   0.042   0.027   0.022   0.018   0.016   0.014   0.034   0.027   0.023
0.027   0.021   0.014   0.011   0.009   0.008   0.007   0.017   0.014   0.012
0.012   0.009   0.006   0.005   0.004   0.004   0.003   0.008   0.006   0.005
0.009   0.007   0.005   0.004   0.003   0.003   0.002   0.006   0.005   0.004
0.031   0.025   0.016   0.013   0.011   0.009   0.008   0.020   0.016   0.014
0.015   0.012   0.008   0.006   0.005   0.004   0.004   0.010   0.008   0.006
0.053   0.041   0.026   0.022   0.018   0.015   0.013   0.033   0.026   0.022
0.041   0.031   0.020   0.017   0.014   0.012   0.010   0.025   0.020   0.017
0.092   0.070   0.045   0.037   0.030   0.025   0.022   0.055   0.044   0.037
0.060   0.047   0.030   0.024   0.020   0.017   0.015   0.036   0.029   0.024
0.057   0.046   0.029   0.023   0.019   0.016   0.014   0.034   0.027   0.023
0.005   0.004   0.003   0.002   0.002   0.001   0.001   0.003   0.002   0.002
0.096   0.079   0.052   0.040   0.033   0.028   0.024   0.057   0.046   0.038
0.027   0.022   0.015   0.011   0.009   0.008   0.007   0.017   0.013   0.011
0.104   0.086   0.058   0.044   0.036   0.031   0.027   0.066   0.052   0.043
0.006   0.005   0.003   0.002   0.002   0.002   0.002   0.004   0.003   0.002
0.064   0.051   0.034   0.027   0.022   0.019   0.017   0.040   0.032   0.027
0.102   0.083   0.054   0.043   0.035   0.030   0.027   0.063   0.051   0.043
0.058   0.046   0.030   0.025   0.020   0.017   0.015   0.036   0.029   0.024
0.117   0.095   0.063   0.050   0.041   0.035   0.031   0.073   0.058   0.049
0.013   0.011   0.007   0.006   0.005   0.004   0.004   0.008   0.007   0.006
0.008   0.007   0.004   0.003   0.003   0.002   0.002   0.005   0.004   0.003
0.023   0.018   0.012   0.010   0.008   0.007   0.006   0.014   0.011   0.010
0.076   0.059   0.040   0.032   0.026   0.023   0.020   0.047   0.038   0.032
0.053   0.041   0.027   0.022   0.018   0.016   0.014   0.032   0.026   0.022
0.074   0.059   0.039   0.033   0.027   0.023   0.020   0.047   0.038   0.032
0.039   0.032   0.021   0.017   0.014   0.012   0.011   0.026   0.021   0.017
0.034   0.027   0.018   0.015   0.012   0.010   0.009   0.022   0.018   0.015
0.017   0.013   0.009   0.007   0.006   0.005   0.005   0.011   0.009   0.007
0.056   0.045   0.029   0.024   0.020   0.017   0.015   0.037   0.030   0.025
0.052   0.042   0.027   0.022   0.018   0.016   0.014   0.034   0.027   0.023
0.111   0.090   0.058   0.049   0.040   0.034   0.030   0.073   0.059   0.050
0.090   0.073   0.047   0.039   0.032   0.028   0.024   0.060   0.048   0.040
0.134   0.109   0.071   0.059   0.048   0.042   0.037   0.090   0.072   0.061
0.041   0.032   0.021   0.017   0.014   0.012   0.011   0.026   0.021   0.018
0.028   0.021   0.014   0.011   0.009   0.008   0.007   0.017   0.014   0.011
0.055   0.042   0.027   0.022   0.018   0.015   0.013   0.032   0.026   0.022
0.087   0.067   0.043   0.035   0.029   0.024   0.021   0.052   0.041   0.035
0.072   0.058   0.038   0.030   0.024   0.021   0.018   0.043   0.034   0.029
0.024   0.020   0.013   0.011   0.009   0.007   0.006   0.015   0.012   0.010
0.061   0.049   0.033   0.027   0.022   0.019   0.017   0.038   0.031   0.026
0.028   0.022   0.014   0.012   0.010   0.008   0.007   0.017   0.014   0.012
0.062   0.049   0.032   0.026   0.021   0.018   0.016   0.037   0.030   0.025
0.164   0.134   0.088   0.072   0.059   0.050   0.044   0.103   0.083   0.069
0.174   0.141   0.092   0.076   0.062   0.053   0.047   0.112   0.090   0.076
0.168   0.135   0.088   0.073   0.060   0.051   0.045   0.109   0.087   0.074
0.163   0.132   0.086   0.072   0.059   0.050   0.044   0.108   0.086   0.073
0.156   0.126   0.082   0.069   0.056   0.048   0.042   0.104   0.083   0.070
0.208   0.169   0.110   0.092   0.075   0.065   0.057   0.140   0.111   0.094
0.044   0.036   0.023   0.020   0.016   0.014   0.012   0.030   0.024   0.020
0.185   0.151   0.099   0.083   0.068   0.058   0.051   0.126   0.100   0.085
0.249   0.205   0.135   0.113   0.092   0.079   0.070   0.172   0.137   0.116
0.206   0.172   0.114   0.095   0.078   0.067   0.059   0.146   0.116   0.099
0.109   0.092   0.061   0.051   0.042   0.036   0.032   0.079   0.063   0.053
0.103   0.080   0.052   0.044   0.036   0.031   0.027   0.068   0.054   0.046
0.118   0.089   0.056   0.047   0.039   0.033   0.029   0.072   0.058   0.049
0.164   0.129   0.079   0.065   0.053   0.046   0.040   0.099   0.079   0.067
0.055   0.044   0.028   0.023   0.018   0.016   0.014   0.034   0.027   0.023
0.073   0.059   0.037   0.030   0.024   0.020   0.018   0.044   0.035   0.030
0.095   0.077   0.050   0.039   0.032   0.027   0.023   0.056   0.044   0.038
0.084   0.069   0.046   0.035   0.029   0.024   0.021   0.051   0.040   0.034
0.069   0.054   0.037   0.029   0.024   0.020   0.018   0.042   0.033   0.028
0.043   0.035   0.023   0.019   0.016   0.013   0.012   0.028   0.022   0.018
0.068   0.055   0.036   0.029   0.024   0.021   0.018   0.042   0.034   0.029
0.012   0.010   0.006   0.005   0.004   0.004   0.003   0.007   0.006   0.005
0.014   0.011   0.007   0.006   0.005   0.004   0.004   0.008   0.007   0.006
0.075   0.059   0.040   0.032   0.026   0.022   0.020   0.046   0.037   0.031
0.055   0.043   0.028   0.023   0.019   0.016   0.014   0.034   0.027   0.023
0.181   0.142   0.094   0.078   0.064   0.055   0.049   0.114   0.091   0.077
0.218   0.174   0.114   0.095   0.078   0.067   0.059   0.141   0.113   0.096
0.246   0.195   0.128   0.107   0.088   0.075   0.066   0.159   0.128   0.108
0.036   0.028   0.018   0.015   0.013   0.011   0.010   0.023   0.019   0.016
0.013   0.011   0.007   0.006   0.005   0.004   0.004   0.009   0.007   0.006
0.080   0.065   0.041   0.033   0.027   0.023   0.020   0.049   0.040   0.033
0.132   0.106   0.068   0.055   0.044   0.038   0.033   0.080   0.064   0.054
0.180   0.145   0.095   0.079   0.064   0.054   0.047   0.113   0.091   0.077
0.204   0.164   0.108   0.089   0.073   0.062   0.054   0.132   0.106   0.089
0.222   0.180   0.117   0.098   0.080   0.068   0.060   0.146   0.117   0.099
0.076   0.060   0.039   0.032   0.026   0.022   0.020   0.048   0.038   0.032
0.091   0.073   0.045   0.037   0.030   0.025   0.022   0.054   0.043   0.036
0.339   0.275   0.179   0.145   0.117   0.098   0.086   0.209   0.167   0.141
0.214   0.170   0.111   0.092   0.075   0.063   0.055   0.133   0.106   0.090
0.186   0.143   0.093   0.078   0.063   0.054   0.047   0.112   0.090   0.076
0.237   0.183   0.119   0.099   0.081   0.069   0.061   0.145   0.116   0.098
0.219   0.170   0.110   0.091   0.074   0.064   0.056   0.133   0.106   0.090
0.205   0.157   0.101   0.084   0.068   0.058   0.051   0.123   0.098   0.083
0.174   0.137   0.087   0.072   0.058   0.050   0.044   0.104   0.083   0.070
0.206   0.165   0.107   0.087   0.071   0.060   0.053   0.126   0.101   0.085
0.157   0.127   0.081   0.066   0.054   0.046   0.040   0.096   0.077   0.065
0.235   0.189   0.123   0.102   0.083   0.070   0.062   0.146   0.117   0.099
0.188   0.148   0.096   0.080   0.065   0.055   0.049   0.115   0.092   0.078
0.325   0.256   0.164   0.135   0.110   0.094   0.082   0.195   0.156   0.131
0.279   0.224   0.146   0.120   0.098   0.084   0.073   0.174   0.139   0.118
0.251   0.196   0.128   0.106   0.087   0.074   0.065   0.155   0.124   0.105
0.179   0.139   0.091   0.076   0.062   0.053   0.047   0.112   0.090   0.076
0.303   0.241   0.157   0.131   0.107   0.092   0.081   0.195   0.156   0.133
0.254   0.200   0.130   0.109   0.089   0.076   0.067   0.164   0.131   0.111
0.136   0.105   0.067   0.055   0.045   0.039   0.034   0.083   0.066   0.056
0.155   0.120   0.076   0.062   0.050   0.043   0.038   0.092   0.073   0.062
0.328   0.257   0.163   0.133   0.107   0.091   0.080   0.195   0.156   0.132
0.109   0.085   0.055   0.045   0.037   0.031   0.027   0.066   0.053   0.045
0.338   0.273   0.179   0.143   0.115   0.097   0.085   0.204   0.164   0.138
0.245   0.201   0.132   0.106   0.086   0.073   0.064   0.155   0.124   0.104
0.322   0.262   0.171   0.140   0.114   0.097   0.085   0.208   0.167   0.141
0.263   0.217   0.141   0.117   0.096   0.081   0.072   0.176   0.141   0.119
0.383   0.321   0.210   0.175   0.143   0.122   0.107   0.263   0.211   0.178
1.029   0.152   0.042   0.022   0.013   0.008   0.006   0.010   0.005   0.003
0.925   0.150   0.042   0.022   0.012   0.008   0.006   0.010   0.005   0.003
0.791   0.134   0.037   0.020   0.011   0.007   0.005   0.009   0.005   0.003
0.835   0.145   0.041   0.022   0.012   0.008   0.006   0.010   0.005   0.003
0.196   0.037   0.011   0.006   0.003   0.002   0.001   0.003   0.001   0.001
0.728   0.143   0.040   0.022   0.012   0.008   0.006   0.010   0.005   0.003
0.671   0.140   0.040   0.021   0.012   0.008   0.006   0.010   0.005   0.003
0.686   0.138   0.040   0.021   0.012   0.008   0.006   0.010   0.005   0.003
0.602   0.121   0.035   0.019   0.011   0.007   0.005   0.009   0.005   0.003
0.836   0.134   0.039   0.021   0.012   0.008   0.006   0.010   0.005   0.003
0.974   0.132   0.039   0.021   0.012   0.008   0.005   0.010   0.005   0.003
0.870   0.130   0.038   0.021   0.012   0.008   0.005   0.010   0.005   0.003
0.774   0.127   0.038   0.021   0.012   0.008   0.005   0.010   0.005   0.003
0.689   0.125   0.037   0.020   0.012   0.008   0.005   0.010   0.005   0.003
0.635   0.094   0.025   0.014   0.008   0.005   0.004   0.006   0.004   0.002
0.335   0.260   0.146   0.128   0.105   0.092   0.082   0.208   0.170   0.144
1.121   0.153   0.036   0.020   0.011   0.008   0.005   0.009   0.005   0.003
1.016   0.150   0.036   0.020   0.011   0.008   0.005   0.009   0.005   0.003
0.755   0.121   0.029   0.016   0.009   0.006   0.004   0.008   0.004   0.003
0.553   0.079   0.018   0.010   0.006   0.004   0.003   0.005   0.003   0.002
0.211   0.156   0.084   0.075   0.062   0.055   0.049   0.126   0.104   0.088
0.176   0.134   0.071   0.064   0.053   0.047   0.042   0.108   0.089   0.076
0.082   0.064   0.034   0.030   0.025   0.022   0.020   0.052   0.043   0.036
0.044   0.035   0.021   0.017   0.013   0.011   0.010   0.026   0.021   0.018
0.021   0.017   0.012   0.008   0.006   0.006   0.005   0.012   0.010   0.008
0.083   0.068   0.046   0.036   0.030   0.025   0.021   0.049   0.040   0.034
0.446   0.361   0.240   0.195   0.160   0.137   0.117   0.279   0.226   0.191
0.382   0.317   0.208   0.172   0.141   0.121   0.105   0.256   0.205   0.173
0.356   0.304   0.201   0.167   0.137   0.118   0.102   0.252   0.202   0.171
0.528   0.079   0.022   0.012   0.007   0.004   0.003   0.005   0.003   0.002
0.935   0.147   0.041   0.022   0.012   0.008   0.006   0.010   0.005   0.003
0.441   0.065   0.018   0.010   0.006   0.004   0.002   0.004   0.002   0.001
0.888   0.115   0.033   0.017   0.010   0.006   0.004   0.008   0.004   0.003
1.043   0.141   0.040   0.021   0.012   0.008   0.006   0.010   0.005   0.003
0.926   0.138   0.040   0.021   0.012   0.008   0.005   0.010   0.005   0.003
0.822   0.135   0.039   0.021   0.012   0.008   0.005   0.010   0.005   0.003
0.428   0.077   0.022   0.012   0.007   0.005   0.003   0.006   0.003   0.002
0.699   0.131   0.038   0.021   0.012   0.008   0.005   0.010   0.005   0.003
0.623   0.129   0.038   0.021   0.012   0.008   0.005   0.010   0.005   0.003
0.558   0.126   0.037   0.020   0.012   0.008   0.005   0.009   0.005   0.003
0.777   0.123   0.037   0.020   0.012   0.008   0.005   0.009   0.005   0.003
0.970   0.121   0.036   0.020   0.012   0.008   0.005   0.009   0.005   0.003
0.837   0.105   0.032   0.018   0.010   0.007   0.005   0.008   0.005   0.003
0.920   0.116   0.036   0.020   0.011   0.008   0.005   0.009   0.005   0.003
0.820   0.113   0.035   0.020   0.011   0.008   0.005   0.009   0.005   0.003
0.716   0.109   0.034   0.019   0.011   0.007   0.005   0.009   0.005   0.003
0.621   0.105   0.033   0.019   0.011   0.007   0.005   0.009   0.005   0.003
0.535   0.101   0.032   0.019   0.011   0.007   0.005   0.009   0.005   0.003
0.479   0.097   0.032   0.018   0.011   0.007   0.005   0.009   0.005   0.003
0.433   0.093   0.031   0.018   0.010   0.007   0.005   0.009   0.005   0.003
0.392   0.089   0.030   0.018   0.010   0.007   0.005   0.009   0.005   0.003
0.356   0.085   0.029   0.017   0.010   0.007   0.005   0.009   0.005   0.003
0.323   0.082   0.028   0.017   0.010   0.007   0.005   0.009   0.005   0.003
0.306   0.081   0.027   0.017   0.010   0.007   0.005   0.009   0.005   0.003
0.533   0.080   0.027   0.017   0.010   0.007   0.005   0.009   0.005   0.003
0.827   0.079   0.026   0.017   0.010   0.007   0.005   0.009   0.005   0.003
0.831   0.078   0.026   0.016   0.009   0.007   0.005   0.009   0.005   0.003
0.728   0.077   0.025   0.016   0.009   0.007   0.005   0.009   0.005   0.003
0.636   0.076   0.024   0.016   0.009   0.007   0.005   0.009   0.005   0.003
0.543   0.075   0.024   0.016   0.009   0.006   0.004   0.009   0.005   0.003
0.482   0.074   0.023   0.016   0.009   0.006   0.004   0.009   0.005   0.003
0.796   0.073   0.023   0.016   0.009   0.006   0.004   0.009   0.005   0.003
1.085   0.073   0.023   0.016   0.009   0.006   0.004   0.009   0.005   0.003
0.935   0.072   0.022   0.015   0.009   0.006   0.004   0.009   0.005   0.003
0.792   0.071   0.022   0.015   0.009   0.006   0.004   0.009   0.005   0.003
0.666   0.070   0.022   0.015   0.009   0.006   0.004   0.009   0.005   0.003
0.567   0.069   0.022   0.015   0.009   0.006   0.004   0.009   0.005   0.003
0.501   0.069   0.022   0.015   0.009   0.006   0.004   0.009   0.005   0.003
0.448   0.068   0.021   0.015   0.009   0.006   0.004   0.008   0.005   0.003
0.404   0.067   0.021   0.015   0.008   0.006   0.004   0.008   0.005   0.003
0.365   0.066   0.021   0.015   0.008   0.006   0.004   0.008   0.005   0.003
0.332   0.066   0.021   0.015   0.008   0.006   0.004   0.008   0.005   0.003
0.301   0.065   0.021   0.014   0.008   0.006   0.004   0.008   0.005   0.003
0.273   0.064   0.020   0.014   0.008   0.006   0.004   0.008   0.005   0.003
0.248   0.064   0.020   0.014   0.008   0.006   0.004   0.008   0.005   0.003
0.351   0.063   0.020   0.014   0.008   0.005   0.004   0.008   0.005   0.003
0.445   0.063   0.020   0.014   0.008   0.005   0.004   0.008   0.005   0.003
0.405   0.062   0.020   0.014   0.008   0.005   0.004   0.008   0.005   0.003
0.380   0.061   0.020   0.014   0.008   0.005   0.004   0.008   0.005   0.003
0.354   0.061   0.020   0.014   0.008   0.005   0.004   0.008   0.005   0.003
0.463   0.060   0.020   0.014   0.008   0.005   0.004   0.007   0.005   0.003
0.563   0.060   0.019   0.014   0.008   0.005   0.004   0.007   0.005   0.003
0.504   0.060   0.019   0.014   0.008   0.005   0.004   0.007   0.005   0.003
0.532   0.059   0.019   0.014   0.008   0.005   0.004   0.007   0.005   0.003
0.536   0.059   0.019   0.014   0.008   0.005   0.004   0.007   0.005   0.003
0.807   0.058   0.019   0.014   0.008   0.005   0.004   0.007   0.005   0.003
1.073   0.058   0.019   0.014   0.008   0.005   0.004   0.007   0.005   0.003
0.930   0.058   0.019   0.014   0.008   0.005   0.004   0.007   0.005   0.003
0.817   0.057   0.019   0.014   0.008   0.005   0.004   0.007   0.005   0.003
0.722   0.057   0.019   0.013   0.008   0.005   0.004   0.007   0.005   0.003
0.629   0.057   0.019   0.013   0.008   0.005   0.004   0.007   0.005   0.003
0.576   0.056   0.019   0.013   0.008   0.005   0.004   0.007   0.005   0.003
0.609   0.056   0.019   0.013   0.008   0.005   0.004   0.007   0.005   0.003
0.616   0.055   0.018   0.013   0.008   0.005   0.004   0.007   0.005   0.003
0.516   0.055   0.018   0.013   0.008   0.005   0.004   0.007   0.005   0.003
0.453   0.055   0.018   0.013   0.008   0.005   0.004   0.007   0.005   0.003
0.407   0.054   0.018   0.013   0.008   0.005   0.004   0.007   0.005   0.003
0.367   0.054   0.018   0.013   0.008   0.005   0.004   0.007   0.005   0.003
0.334   0.054   0.018   0.013   0.008   0.005   0.004   0.007   0.005   0.003
0.303   0.053   0.018   0.013   0.008   0.005   0.004   0.007   0.004   0.003
0.275   0.053   0.018   0.013   0.007   0.005   0.004   0.007   0.004   0.003
0.250   0.053   0.018   0.013   0.007   0.005   0.004   0.007   0.004   0.003