99
-0.005220000000000001
-0.010440000000000001
-0.005220000000000001
-0.010440000000000001
-0.020880000000000003
-0.010440000000000001
-0.005220000000000001
-0.010440000000000001
-0.005220000000000001
-0.01134
-0.02268
-0.01134
-0.02268
-0.04536
-0.02268
-0.01134
-0.02268
-0.01134
-0.013859999999999999
-0.027719999999999998
-0.013859999999999999
-0.027719999999999998
-0.055439999999999996
-0.027719999999999998
-0.013859999999999999
-0.027719999999999998
-0.013859999999999999
-0.01098
-0.02196
-0.01098
-0.02196
-0.04392
-0.02196
-0.01098
-0.02196
-0.01098
-0.007019999999999999
-0.014039999999999999
-0.007019999999999999
-0.014039999999999999
-0.028079999999999997
-0.014039999999999999
-0.007019999999999999
-0.014039999999999999
-0.007019999999999999
-0.008100000000000001
-0.016200000000000003
-0.008100000000000001
-0.016200000000000003
-0.032400000000000005
-0.016200000000000003
-0.008100000000000001
-0.016200000000000003
-0.008100000000000001
-0.009720000000000001
-0.019440000000000002
-0.009720000000000001
-0.019440000000000002
-0.038880000000000005
-0.019440000000000002
-0.009720000000000001
-0.019440000000000002
-0.009720000000000001
-0.012240000000000001
-0.024480000000000002
-0.012240000000000001
-0.024480000000000002
-0.048960000000000004
-0.024480000000000002
-0.012240000000000001
-0.024480000000000002
-0.012240000000000001
-0.01728
-0.03456
-0.01728
-0.03456
-0.06912
-0.03456
-0.01728
-0.03456
-0.01728
-0.0234
-0.0468
-0.0234
-0.0468
-0.0936
-0.0468
-0.0234
-0.0468
-0.0234
-0.17279999999999998
-0.34559999999999996
-0.17279999999999998
-0.34559999999999996
-0.6911999999999999
-0.34559999999999996
-0.17279999999999998
-0.34559999999999996
-0.17279999999999998