99
-0.013319999999999999
-0.026639999999999997
-0.013319999999999999
-0.026639999999999997
-0.053279999999999994
-0.026639999999999997
-0.013319999999999999
-0.026639999999999997
-0.013319999999999999
-0.028979999999999995
-0.05795999999999999
-0.028979999999999995
-0.05795999999999999
-0.11591999999999998
-0.05795999999999999
-0.028979999999999995
-0.05795999999999999
-0.028979999999999995
-0.03528
-0.07056
-0.03528
-0.07056
-0.14112
-0.07056
-0.03528
-0.07056
-0.03528
-0.027719999999999998
-0.055439999999999996
-0.027719999999999998
-0.055439999999999996
-0.11087999999999999
-0.055439999999999996
-0.027719999999999998
-0.055439999999999996
-0.027719999999999998
-0.01728
-0.03456
-0.01728
-0.03456
-0.06912
-0.03456
-0.01728
-0.03456
-0.01728
-0.019979999999999998
-0.039959999999999996
-0.019979999999999998
-0.039959999999999996
-0.07991999999999999
-0.039959999999999996
-0.019979999999999998
-0.039959999999999996
-0.019979999999999998
-0.023940000000000003
-0.047880000000000006
-0.023940000000000003
-0.047880000000000006
-0.09576000000000001
-0.047880000000000006
-0.023940000000000003
-0.047880000000000006
-0.023940000000000003
-0.028979999999999995
-0.05795999999999999
-0.028979999999999995
-0.05795999999999999
-0.11591999999999998
-0.05795999999999999
-0.028979999999999995
-0.05795999999999999
-0.028979999999999995
-0.04014
-0.08028
-0.04014
-0.08028
-0.16056
-0.08028
-0.04014
-0.08028
-0.04014
-0.054540000000000005
-0.10908000000000001
-0.054540000000000005
-0.10908000000000001
-0.21816000000000002
-0.10908000000000001
-0.054540000000000005
-0.10908000000000001
-0.054540000000000005
-0.42264
-0.84528
-0.42264
-0.84528
-1.69056
-0.84528
-0.42264
-0.84528
-0.42264