99
-0.012600000000000002
-0.025200000000000004
-0.012600000000000002
-0.025200000000000004
-0.05040000000000001
-0.025200000000000004
-0.012600000000000002
-0.025200000000000004
-0.012600000000000002
-0.027540000000000005
-0.05508000000000001
-0.027540000000000005
-0.05508000000000001
-0.11016000000000002
-0.05508000000000001
-0.027540000000000005
-0.05508000000000001
-0.027540000000000005
-0.033659999999999995
-0.06731999999999999
-0.033659999999999995
-0.06731999999999999
-0.13463999999999998
-0.06731999999999999
-0.033659999999999995
-0.06731999999999999
-0.033659999999999995
-0.026279999999999998
-0.052559999999999996
-0.026279999999999998
-0.052559999999999996
-0.10511999999999999
-0.052559999999999996
-0.026279999999999998
-0.052559999999999996
-0.026279999999999998
-0.016200000000000003
-0.032400000000000005
-0.016200000000000003
-0.032400000000000005
-0.06480000000000001
-0.032400000000000005
-0.016200000000000003
-0.032400000000000005
-0.016200000000000003
-0.018720000000000004
-0.03744000000000001
-0.018720000000000004
-0.03744000000000001
-0.07488000000000002
-0.03744000000000001
-0.018720000000000004
-0.03744000000000001
-0.018720000000000004
-0.0225
-0.045
-0.0225
-0.045
-0.09
-0.045
-0.0225
-0.045
-0.0225
-0.027180000000000003
-0.054360000000000006
-0.027180000000000003
-0.054360000000000006
-0.10872000000000001
-0.054360000000000006
-0.027180000000000003
-0.054360000000000006
-0.027180000000000003
-0.03744000000000001
-0.07488000000000002
-0.03744000000000001
-0.07488000000000002
-0.14976000000000003
-0.07488000000000002
-0.03744000000000001
-0.07488000000000002
-0.03744000000000001
-0.050760000000000007
-0.10152000000000001
-0.050760000000000007
-0.10152000000000001
-0.20304000000000003
-0.10152000000000001
-0.050760000000000007
-0.10152000000000001
-0.050760000000000007
-0.39672
-0.79344
-0.39672
-0.79344
-1.58688
-0.79344
-0.39672
-0.79344
-0.39672