99
-0.01692
-0.03384
-0.01692
-0.03384
-0.06768
-0.03384
-0.01692
-0.03384
-0.01692
-0.036899999999999995
-0.07379999999999999
-0.036899999999999995
-0.07379999999999999
-0.14759999999999998
-0.07379999999999999
-0.036899999999999995
-0.07379999999999999
-0.036899999999999995
-0.04518
-0.09036
-0.04518
-0.09036
-0.18072
-0.09036
-0.04518
-0.09036
-0.04518
-0.03546
-0.07092
-0.03546
-0.07092
-0.14184
-0.07092
-0.03546
-0.07092
-0.03546
-0.02196
-0.04392
-0.02196
-0.04392
-0.08784
-0.04392
-0.02196
-0.04392
-0.02196
-0.025200000000000004
-0.05040000000000001
-0.025200000000000004
-0.05040000000000001
-0.10080000000000001
-0.05040000000000001
-0.025200000000000004
-0.05040000000000001
-0.025200000000000004
-0.030059999999999996
-0.06011999999999999
-0.030059999999999996
-0.06011999999999999
-0.12023999999999999
-0.06011999999999999
-0.030059999999999996
-0.06011999999999999
-0.030059999999999996
-0.03636
-0.07272
-0.03636
-0.07272
-0.14544
-0.07272
-0.03636
-0.07272
-0.03636
-0.05022000000000001
-0.10044000000000002
-0.05022000000000001
-0.10044000000000002
-0.20088000000000003
-0.10044000000000002
-0.05022000000000001
-0.10044000000000002
-0.05022000000000001
-0.06786
-0.13572
-0.06786
-0.13572
-0.27144
-0.13572
-0.06786
-0.13572
-0.06786
-0.53388
-1.06776
-0.53388
-1.06776
-2.13552
-1.06776
-0.53388
-1.06776
-0.53388