99
-0.020880000000000003
-0.041760000000000005
-0.020880000000000003
-0.041760000000000005
-0.08352000000000001
-0.041760000000000005
-0.020880000000000003
-0.041760000000000005
-0.020880000000000003
-0.04554
-0.09108
-0.04554
-0.09108
-0.18216
-0.09108
-0.04554
-0.09108
-0.04554
-0.05562
-0.11124
-0.05562
-0.11124
-0.22248
-0.11124
-0.05562
-0.11124
-0.05562
-0.04356
-0.08712
-0.04356
-0.08712
-0.17424
-0.08712
-0.04356
-0.08712
-0.04356
-0.026820000000000004
-0.05364000000000001
-0.026820000000000004
-0.05364000000000001
-0.10728000000000001
-0.05364000000000001
-0.026820000000000004
-0.05364000000000001
-0.026820000000000004
-0.030779999999999995
-0.06155999999999999
-0.030779999999999995
-0.06155999999999999
-0.12311999999999998
-0.06155999999999999
-0.030779999999999995
-0.06155999999999999
-0.030779999999999995
-0.036899999999999995
-0.07379999999999999
-0.036899999999999995
-0.07379999999999999
-0.14759999999999998
-0.07379999999999999
-0.036899999999999995
-0.07379999999999999
-0.036899999999999995
-0.04464
-0.08928
-0.04464
-0.08928
-0.17856
-0.08928
-0.04464
-0.08928
-0.04464
-0.061200000000000004
-0.12240000000000001
-0.061200000000000004
-0.12240000000000001
-0.24480000000000002
-0.12240000000000001
-0.061200000000000004
-0.12240000000000001
-0.061200000000000004
-0.08172
-0.16344
-0.08172
-0.16344
-0.32688
-0.16344
-0.08172
-0.16344
-0.08172
-0.65358
-1.30716
-0.65358
-1.30716
-2.61432
-1.30716
-0.65358
-1.30716
-0.65358