99
-0.012060000000000001
-0.024120000000000003
-0.012060000000000001
-0.024120000000000003
-0.048240000000000005
-0.024120000000000003
-0.012060000000000001
-0.024120000000000003
-0.012060000000000001
-0.026280000000000005
-0.05256000000000001
-0.026280000000000005
-0.05256000000000001
-0.10512000000000002
-0.05256000000000001
-0.026280000000000005
-0.05256000000000001
-0.026280000000000005
-0.03204
-0.06408
-0.03204
-0.06408
-0.12816
-0.06408
-0.03204
-0.06408
-0.03204
-0.025020000000000004
-0.05004000000000001
-0.025020000000000004
-0.05004000000000001
-0.10008000000000002
-0.05004000000000001
-0.025020000000000004
-0.05004000000000001
-0.025020000000000004
-0.01548
-0.03096
-0.01548
-0.03096
-0.06192
-0.03096
-0.01548
-0.03096
-0.01548
-0.017820000000000003
-0.035640000000000005
-0.017820000000000003
-0.035640000000000005
-0.07128000000000001
-0.035640000000000005
-0.017820000000000003
-0.035640000000000005
-0.017820000000000003
-0.02124
-0.04248
-0.02124
-0.04248
-0.08496
-0.04248
-0.02124
-0.04248
-0.02124
-0.025920000000000002
-0.051840000000000004
-0.025920000000000002
-0.051840000000000004
-0.10368000000000001
-0.051840000000000004
-0.025920000000000002
-0.051840000000000004
-0.025920000000000002
-0.03744000000000001
-0.07488000000000002
-0.03744000000000001
-0.07488000000000002
-0.14976000000000003
-0.07488000000000002
-0.03744000000000001
-0.07488000000000002
-0.03744000000000001
-0.05274000000000001
-0.10548000000000002
-0.05274000000000001
-0.10548000000000002
-0.21096000000000004
-0.10548000000000002
-0.05274000000000001
-0.10548000000000002
-0.05274000000000001
-0.405
-0.81
-0.405
-0.81
-1.62
-0.81
-0.405
-0.81
-0.405