99
-0.005399999999999999
-0.010799999999999999
-0.005399999999999999
-0.010799999999999999
-0.021599999999999998
-0.010799999999999999
-0.005399999999999999
-0.010799999999999999
-0.005399999999999999
-0.0117
-0.0234
-0.0117
-0.0234
-0.0468
-0.0234
-0.0117
-0.0234
-0.0117
-0.014219999999999998
-0.028439999999999997
-0.014219999999999998
-0.028439999999999997
-0.05687999999999999
-0.028439999999999997
-0.014219999999999998
-0.028439999999999997
-0.014219999999999998
-0.01116
-0.02232
-0.01116
-0.02232
-0.04464
-0.02232
-0.01116
-0.02232
-0.01116
-0.00684
-0.01368
-0.00684
-0.01368
-0.02736
-0.01368
-0.00684
-0.01368
-0.00684
-0.00792
-0.01584
-0.00792
-0.01584
-0.03168
-0.01584
-0.00792
-0.01584
-0.00792
-0.009720000000000001
-0.019440000000000002
-0.009720000000000001
-0.019440000000000002
-0.038880000000000005
-0.019440000000000002
-0.009720000000000001
-0.019440000000000002
-0.009720000000000001
-0.012060000000000001
-0.024120000000000003
-0.012060000000000001
-0.024120000000000003
-0.048240000000000005
-0.024120000000000003
-0.012060000000000001
-0.024120000000000003
-0.012060000000000001
-0.01728
-0.03456
-0.01728
-0.03456
-0.06912
-0.03456
-0.01728
-0.03456
-0.01728
-0.02376
-0.04752
-0.02376
-0.04752
-0.09504
-0.04752
-0.02376
-0.04752
-0.02376
-0.18414
-0.36828
-0.18414
-0.36828
-0.73656
-0.36828
-0.18414
-0.36828
-0.18414