99
-0.00684
-0.01368
-0.00684
-0.01368
-0.02736
-0.01368
-0.00684
-0.01368
-0.00684
-0.014759999999999999
-0.029519999999999998
-0.014759999999999999
-0.029519999999999998
-0.059039999999999995
-0.029519999999999998
-0.014759999999999999
-0.029519999999999998
-0.014759999999999999
-0.018000000000000002
-0.036000000000000004
-0.018000000000000002
-0.036000000000000004
-0.07200000000000001
-0.036000000000000004
-0.018000000000000002
-0.036000000000000004
-0.018000000000000002
-0.014219999999999998
-0.028439999999999997
-0.014219999999999998
-0.028439999999999997
-0.05687999999999999
-0.028439999999999997
-0.014219999999999998
-0.028439999999999997
-0.014219999999999998
-0.009000000000000001
-0.018000000000000002
-0.009000000000000001
-0.018000000000000002
-0.036000000000000004
-0.018000000000000002
-0.009000000000000001
-0.018000000000000002
-0.009000000000000001
-0.01062
-0.02124
-0.01062
-0.02124
-0.04248
-0.02124
-0.01062
-0.02124
-0.01062
-0.012780000000000001
-0.025560000000000003
-0.012780000000000001
-0.025560000000000003
-0.051120000000000006
-0.025560000000000003
-0.012780000000000001
-0.025560000000000003
-0.012780000000000001
-0.01602
-0.03204
-0.01602
-0.03204
-0.06408
-0.03204
-0.01602
-0.03204
-0.01602
-0.02286
-0.04572
-0.02286
-0.04572
-0.09144
-0.04572
-0.02286
-0.04572
-0.02286
-0.03096
-0.06192
-0.03096
-0.06192
-0.12384
-0.06192
-0.03096
-0.06192
-0.03096
-0.23993999999999996
-0.4798799999999999
-0.23993999999999996
-0.4798799999999999
-0.9597599999999998
-0.4798799999999999
-0.23993999999999996
-0.4798799999999999
-0.23993999999999996