99
-0.00108
-0.00216
-0.00108
-0.00216
-0.00432
-0.00216
-0.00108
-0.00216
-0.00108
-0.00252
-0.00504
-0.00252
-0.00504
-0.01008
-0.00504
-0.00252
-0.00504
-0.00252
-0.0032400000000000003
-0.0064800000000000005
-0.0032400000000000003
-0.0064800000000000005
-0.012960000000000001
-0.0064800000000000005
-0.0032400000000000003
-0.0064800000000000005
-0.0032400000000000003
-0.00252
-0.00504
-0.00252
-0.00504
-0.01008
-0.00504
-0.00252
-0.00504
-0.00252
-0.0016200000000000001
-0.0032400000000000003
-0.0016200000000000001
-0.0032400000000000003
-0.0064800000000000005
-0.0032400000000000003
-0.0016200000000000001
-0.0032400000000000003
-0.0016200000000000001
-0.00198
-0.00396
-0.00198
-0.00396
-0.00792
-0.00396
-0.00198
-0.00396
-0.00198
-0.00252
-0.00504
-0.00252
-0.00504
-0.01008
-0.00504
-0.00252
-0.00504
-0.00252
-0.0032400000000000003
-0.0064800000000000005
-0.0032400000000000003
-0.0064800000000000005
-0.012960000000000001
-0.0064800000000000005
-0.0032400000000000003
-0.0064800000000000005
-0.0032400000000000003
-0.0045000000000000005
-0.009000000000000001
-0.0045000000000000005
-0.009000000000000001
-0.018000000000000002
-0.009000000000000001
-0.0045000000000000005
-0.009000000000000001
-0.0045000000000000005
-0.00594
-0.01188
-0.00594
-0.01188
-0.02376
-0.01188
-0.00594
-0.01188
-0.00594
-0.03564
-0.07128
-0.03564
-0.07128
-0.14256
-0.07128
-0.03564
-0.07128
-0.03564