99
-0.0041400000000000005
-0.008280000000000001
-0.0041400000000000005
-0.008280000000000001
-0.016560000000000002
-0.008280000000000001
-0.0041400000000000005
-0.008280000000000001
-0.0041400000000000005
-0.009000000000000001
-0.018000000000000002
-0.009000000000000001
-0.018000000000000002
-0.036000000000000004
-0.018000000000000002
-0.009000000000000001
-0.018000000000000002
-0.009000000000000001
-0.01098
-0.02196
-0.01098
-0.02196
-0.04392
-0.02196
-0.01098
-0.02196
-0.01098
-0.00864
-0.01728
-0.00864
-0.01728
-0.03456
-0.01728
-0.00864
-0.01728
-0.00864
-0.005399999999999999
-0.010799999999999999
-0.005399999999999999
-0.010799999999999999
-0.021599999999999998
-0.010799999999999999
-0.005399999999999999
-0.010799999999999999
-0.005399999999999999
-0.006300000000000001
-0.012600000000000002
-0.006300000000000001
-0.012600000000000002
-0.025200000000000004
-0.012600000000000002
-0.006300000000000001
-0.012600000000000002
-0.006300000000000001
-0.007560000000000001
-0.015120000000000001
-0.007560000000000001
-0.015120000000000001
-0.030240000000000003
-0.015120000000000001
-0.007560000000000001
-0.015120000000000001
-0.007560000000000001
-0.00918
-0.01836
-0.00918
-0.01836
-0.03672
-0.01836
-0.00918
-0.01836
-0.00918
-0.012779999999999998
-0.025559999999999996
-0.012779999999999998
-0.025559999999999996
-0.05111999999999999
-0.025559999999999996
-0.012779999999999998
-0.025559999999999996
-0.012779999999999998
-0.01764
-0.03528
-0.01764
-0.03528
-0.07056
-0.03528
-0.01764
-0.03528
-0.01764
-0.14346
-0.28692
-0.14346
-0.28692
-0.57384
-0.28692
-0.14346
-0.28692
-0.14346