99
-0.01728
-0.03456
-0.01728
-0.03456
-0.06912
-0.03456
-0.01728
-0.03456
-0.01728
-0.03762
-0.07524
-0.03762
-0.07524
-0.15048
-0.07524
-0.03762
-0.07524
-0.03762
-0.04572
-0.09144
-0.04572
-0.09144
-0.18288
-0.09144
-0.04572
-0.09144
-0.04572
-0.036
-0.072
-0.036
-0.072
-0.144
-0.072
-0.036
-0.072
-0.036
-0.02268
-0.04536
-0.02268
-0.04536
-0.09072
-0.04536
-0.02268
-0.04536
-0.02268
-0.0261
-0.0522
-0.0261
-0.0522
-0.1044
-0.0522
-0.0261
-0.0522
-0.0261
-0.031139999999999994
-0.06227999999999999
-0.031139999999999994
-0.06227999999999999
-0.12455999999999998
-0.06227999999999999
-0.031139999999999994
-0.06227999999999999
-0.031139999999999994
-0.03762
-0.07524
-0.03762
-0.07524
-0.15048
-0.07524
-0.03762
-0.07524
-0.03762
-0.05183999999999999
-0.10367999999999998
-0.05183999999999999
-0.10367999999999998
-0.20735999999999996
-0.10367999999999998
-0.05183999999999999
-0.10367999999999998
-0.05183999999999999
-0.07056
-0.14112
-0.07056
-0.14112
-0.28224
-0.14112
-0.07056
-0.14112
-0.07056
-0.5846399999999999
-1.1692799999999999
-0.5846399999999999
-1.1692799999999999
-2.3385599999999998
-1.1692799999999999
-0.5846399999999999
-1.1692799999999999
-0.5846399999999999