99
-0.009720000000000001
-0.019440000000000002
-0.009720000000000001
-0.019440000000000002
-0.038880000000000005
-0.019440000000000002
-0.009720000000000001
-0.019440000000000002
-0.009720000000000001
-0.02124
-0.04248
-0.02124
-0.04248
-0.08496
-0.04248
-0.02124
-0.04248
-0.02124
-0.025920000000000002
-0.051840000000000004
-0.025920000000000002
-0.051840000000000004
-0.10368000000000001
-0.051840000000000004
-0.025920000000000002
-0.051840000000000004
-0.025920000000000002
-0.02034
-0.04068
-0.02034
-0.04068
-0.08136
-0.04068
-0.02034
-0.04068
-0.02034
-0.012780000000000001
-0.025560000000000003
-0.012780000000000001
-0.025560000000000003
-0.051120000000000006
-0.025560000000000003
-0.012780000000000001
-0.025560000000000003
-0.012780000000000001
-0.014759999999999999
-0.029519999999999998
-0.014759999999999999
-0.029519999999999998
-0.059039999999999995
-0.029519999999999998
-0.014759999999999999
-0.029519999999999998
-0.014759999999999999
-0.017820000000000003
-0.035640000000000005
-0.017820000000000003
-0.035640000000000005
-0.07128000000000001
-0.035640000000000005
-0.017820000000000003
-0.035640000000000005
-0.017820000000000003
-0.02214
-0.04428
-0.02214
-0.04428
-0.08856
-0.04428
-0.02214
-0.04428
-0.02214
-0.03132
-0.06264
-0.03132
-0.06264
-0.12528
-0.06264
-0.03132
-0.06264
-0.03132
-0.042839999999999996
-0.08567999999999999
-0.042839999999999996
-0.08567999999999999
-0.17135999999999998
-0.08567999999999999
-0.042839999999999996
-0.08567999999999999
-0.042839999999999996
-0.34308
-0.68616
-0.34308
-0.68616
-1.37232
-0.68616
-0.34308
-0.68616
-0.34308