99
-0.013859999999999999
-0.027719999999999998
-0.013859999999999999
-0.027719999999999998
-0.055439999999999996
-0.027719999999999998
-0.013859999999999999
-0.027719999999999998
-0.013859999999999999
-0.030240000000000003
-0.060480000000000006
-0.030240000000000003
-0.060480000000000006
-0.12096000000000001
-0.060480000000000006
-0.030240000000000003
-0.060480000000000006
-0.030240000000000003
-0.03672
-0.07344
-0.03672
-0.07344
-0.14688
-0.07344
-0.03672
-0.07344
-0.03672
-0.028799999999999996
-0.05759999999999999
-0.028799999999999996
-0.05759999999999999
-0.11519999999999998
-0.05759999999999999
-0.028799999999999996
-0.05759999999999999
-0.028799999999999996
-0.01818
-0.03636
-0.01818
-0.03636
-0.07272
-0.03636
-0.01818
-0.03636
-0.01818
-0.02124
-0.04248
-0.02124
-0.04248
-0.08496
-0.04248
-0.02124
-0.04248
-0.02124
-0.025740000000000002
-0.051480000000000005
-0.025740000000000002
-0.051480000000000005
-0.10296000000000001
-0.051480000000000005
-0.025740000000000002
-0.051480000000000005
-0.025740000000000002
-0.03132
-0.06264
-0.03132
-0.06264
-0.12528
-0.06264
-0.03132
-0.06264
-0.03132
-0.043199999999999995
-0.08639999999999999
-0.043199999999999995
-0.08639999999999999
-0.17279999999999998
-0.08639999999999999
-0.043199999999999995
-0.08639999999999999
-0.043199999999999995
-0.05849999999999999
-0.11699999999999998
-0.05849999999999999
-0.11699999999999998
-0.23399999999999996
-0.11699999999999998
-0.05849999999999999
-0.11699999999999998
-0.05849999999999999
-0.4813200000000001
-0.9626400000000002
-0.4813200000000001
-0.9626400000000002
-1.9252800000000003
-0.9626400000000002
-0.4813200000000001
-0.9626400000000002
-0.4813200000000001