99
-0.008280000000000001
-0.016560000000000002
-0.008280000000000001
-0.016560000000000002
-0.033120000000000004
-0.016560000000000002
-0.008280000000000001
-0.016560000000000002
-0.008280000000000001
-0.018540000000000004
-0.03708000000000001
-0.018540000000000004
-0.03708000000000001
-0.07416000000000002
-0.03708000000000001
-0.018540000000000004
-0.03708000000000001
-0.018540000000000004
-0.024840000000000004
-0.04968000000000001
-0.024840000000000004
-0.04968000000000001
-0.09936000000000002
-0.04968000000000001
-0.024840000000000004
-0.04968000000000001
-0.024840000000000004
-0.020880000000000003
-0.041760000000000005
-0.020880000000000003
-0.041760000000000005
-0.08352000000000001
-0.041760000000000005
-0.020880000000000003
-0.041760000000000005
-0.020880000000000003
-0.013500000000000002
-0.027000000000000003
-0.013500000000000002
-0.027000000000000003
-0.054000000000000006
-0.027000000000000003
-0.013500000000000002
-0.027000000000000003
-0.013500000000000002
-0.01548
-0.03096
-0.01548
-0.03096
-0.06192
-0.03096
-0.01548
-0.03096
-0.01548
-0.01836
-0.03672
-0.01836
-0.03672
-0.07344
-0.03672
-0.01836
-0.03672
-0.01836
-0.023219999999999998
-0.046439999999999995
-0.023219999999999998
-0.046439999999999995
-0.09287999999999999
-0.046439999999999995
-0.023219999999999998
-0.046439999999999995
-0.023219999999999998
-0.03294
-0.06588
-0.03294
-0.06588
-0.13176
-0.06588
-0.03294
-0.06588
-0.03294
-0.04392
-0.08784
-0.04392
-0.08784
-0.17568
-0.08784
-0.04392
-0.08784
-0.04392
-0.27
-0.54
-0.27
-0.54
-1.08
-0.54
-0.27
-0.54
-0.27