99
-0.016200000000000003
-0.032400000000000005
-0.016200000000000003
-0.032400000000000005
-0.06480000000000001
-0.032400000000000005
-0.016200000000000003
-0.032400000000000005
-0.016200000000000003
-0.03528
-0.07056
-0.03528
-0.07056
-0.14112
-0.07056
-0.03528
-0.07056
-0.03528
-0.043019999999999996
-0.08603999999999999
-0.043019999999999996
-0.08603999999999999
-0.17207999999999998
-0.08603999999999999
-0.043019999999999996
-0.08603999999999999
-0.043019999999999996
-0.034019999999999995
-0.06803999999999999
-0.034019999999999995
-0.06803999999999999
-0.13607999999999998
-0.06803999999999999
-0.034019999999999995
-0.06803999999999999
-0.034019999999999995
-0.021599999999999998
-0.043199999999999995
-0.021599999999999998
-0.043199999999999995
-0.08639999999999999
-0.043199999999999995
-0.021599999999999998
-0.043199999999999995
-0.021599999999999998
-0.024840000000000004
-0.04968000000000001
-0.024840000000000004
-0.04968000000000001
-0.09936000000000002
-0.04968000000000001
-0.024840000000000004
-0.04968000000000001
-0.024840000000000004
-0.029699999999999997
-0.059399999999999994
-0.029699999999999997
-0.059399999999999994
-0.11879999999999999
-0.059399999999999994
-0.029699999999999997
-0.059399999999999994
-0.029699999999999997
-0.03618
-0.07236
-0.03618
-0.07236
-0.14472
-0.07236
-0.03618
-0.07236
-0.03618
-0.05040000000000001
-0.10080000000000001
-0.05040000000000001
-0.10080000000000001
-0.20160000000000003
-0.10080000000000001
-0.05040000000000001
-0.10080000000000001
-0.05040000000000001
-0.07002
-0.14004
-0.07002
-0.14004
-0.28008
-0.14004
-0.07002
-0.14004
-0.07002
-0.5804999999999999
-1.1609999999999998
-0.5804999999999999
-1.1609999999999998
-2.3219999999999996
-1.1609999999999998
-0.5804999999999999
-1.1609999999999998
-0.5804999999999999