99
-0.01494
-0.02988
-0.01494
-0.02988
-0.05976
-0.02988
-0.01494
-0.02988
-0.01494
-0.03258
-0.06516
-0.03258
-0.06516
-0.13032
-0.06516
-0.03258
-0.06516
-0.03258
-0.03978
-0.07956
-0.03978
-0.07956
-0.15912
-0.07956
-0.03978
-0.07956
-0.03978
-0.03132
-0.06264
-0.03132
-0.06264
-0.12528
-0.06264
-0.03132
-0.06264
-0.03132
-0.019620000000000002
-0.039240000000000004
-0.019620000000000002
-0.039240000000000004
-0.07848000000000001
-0.039240000000000004
-0.019620000000000002
-0.039240000000000004
-0.019620000000000002
-0.02268
-0.04536
-0.02268
-0.04536
-0.09072
-0.04536
-0.02268
-0.04536
-0.02268
-0.027360000000000002
-0.054720000000000005
-0.027360000000000002
-0.054720000000000005
-0.10944000000000001
-0.054720000000000005
-0.027360000000000002
-0.054720000000000005
-0.027360000000000002
-0.033299999999999996
-0.06659999999999999
-0.033299999999999996
-0.06659999999999999
-0.13319999999999999
-0.06659999999999999
-0.033299999999999996
-0.06659999999999999
-0.033299999999999996
-0.046439999999999995
-0.09287999999999999
-0.046439999999999995
-0.09287999999999999
-0.18575999999999998
-0.09287999999999999
-0.046439999999999995
-0.09287999999999999
-0.046439999999999995
-0.06516
-0.13032
-0.06516
-0.13032
-0.26064
-0.13032
-0.06516
-0.13032
-0.06516
-0.5380199999999999
-1.0760399999999999
-0.5380199999999999
-1.0760399999999999
-2.1520799999999998
-1.0760399999999999
-0.5380199999999999
-1.0760399999999999
-0.5380199999999999