99
-0.017820000000000003
-0.035640000000000005
-0.017820000000000003
-0.035640000000000005
-0.07128000000000001
-0.035640000000000005
-0.017820000000000003
-0.035640000000000005
-0.017820000000000003
-0.03888000000000001
-0.07776000000000002
-0.03888000000000001
-0.07776000000000002
-0.15552000000000005
-0.07776000000000002
-0.03888000000000001
-0.07776000000000002
-0.03888000000000001
-0.04734
-0.09468
-0.04734
-0.09468
-0.18936
-0.09468
-0.04734
-0.09468
-0.04734
-0.03744
-0.07488
-0.03744
-0.07488
-0.14976
-0.07488
-0.03744
-0.07488
-0.03744
-0.02376
-0.04752
-0.02376
-0.04752
-0.09504
-0.04752
-0.02376
-0.04752
-0.02376
-0.027540000000000005
-0.05508000000000001
-0.027540000000000005
-0.05508000000000001
-0.11016000000000002
-0.05508000000000001
-0.027540000000000005
-0.05508000000000001
-0.027540000000000005
-0.033299999999999996
-0.06659999999999999
-0.033299999999999996
-0.06659999999999999
-0.13319999999999999
-0.06659999999999999
-0.033299999999999996
-0.06659999999999999
-0.033299999999999996
-0.040499999999999994
-0.08099999999999999
-0.040499999999999994
-0.08099999999999999
-0.16199999999999998
-0.08099999999999999
-0.040499999999999994
-0.08099999999999999
-0.040499999999999994
-0.056159999999999995
-0.11231999999999999
-0.056159999999999995
-0.11231999999999999
-0.22463999999999998
-0.11231999999999999
-0.056159999999999995
-0.11231999999999999
-0.056159999999999995
-0.07632000000000001
-0.15264000000000003
-0.07632000000000001
-0.15264000000000003
-0.30528000000000005
-0.15264000000000003
-0.07632000000000001
-0.15264000000000003
-0.07632000000000001
-0.6435
-1.287
-0.6435
-1.287
-2.574
-1.287
-0.6435
-1.287
-0.6435