99
-0.014039999999999999
-0.028079999999999997
-0.014039999999999999
-0.028079999999999997
-0.056159999999999995
-0.028079999999999997
-0.014039999999999999
-0.028079999999999997
-0.014039999999999999
-0.030600000000000002
-0.061200000000000004
-0.030600000000000002
-0.061200000000000004
-0.12240000000000001
-0.061200000000000004
-0.030600000000000002
-0.061200000000000004
-0.030600000000000002
-0.03726
-0.07452
-0.03726
-0.07452
-0.14904
-0.07452
-0.03726
-0.07452
-0.03726
-0.02952
-0.05904
-0.02952
-0.05904
-0.11808
-0.05904
-0.02952
-0.05904
-0.02952
-0.018720000000000004
-0.03744000000000001
-0.018720000000000004
-0.03744000000000001
-0.07488000000000002
-0.03744000000000001
-0.018720000000000004
-0.03744000000000001
-0.018720000000000004
-0.021599999999999998
-0.043199999999999995
-0.021599999999999998
-0.043199999999999995
-0.08639999999999999
-0.043199999999999995
-0.021599999999999998
-0.043199999999999995
-0.021599999999999998
-0.0261
-0.0522
-0.0261
-0.0522
-0.1044
-0.0522
-0.0261
-0.0522
-0.0261
-0.03168
-0.06336
-0.03168
-0.06336
-0.12672
-0.06336
-0.03168
-0.06336
-0.03168
-0.04392
-0.08784
-0.04392
-0.08784
-0.17568
-0.08784
-0.04392
-0.08784
-0.04392
-0.060480000000000006
-0.12096000000000001
-0.060480000000000006
-0.12096000000000001
-0.24192000000000002
-0.12096000000000001
-0.060480000000000006
-0.12096000000000001
-0.060480000000000006
-0.5083200000000001
-1.0166400000000002
-0.5083200000000001
-1.0166400000000002
-2.0332800000000004
-1.0166400000000002
-0.5083200000000001
-1.0166400000000002
-0.5083200000000001