99
-0.007199999999999999
-0.014399999999999998
-0.007199999999999999
-0.014399999999999998
-0.028799999999999996
-0.014399999999999998
-0.007199999999999999
-0.014399999999999998
-0.007199999999999999
-0.016560000000000002
-0.033120000000000004
-0.016560000000000002
-0.033120000000000004
-0.06624000000000001
-0.033120000000000004
-0.016560000000000002
-0.033120000000000004
-0.016560000000000002
-0.02232
-0.04464
-0.02232
-0.04464
-0.08928
-0.04464
-0.02232
-0.04464
-0.02232
-0.018539999999999997
-0.037079999999999995
-0.018539999999999997
-0.037079999999999995
-0.07415999999999999
-0.037079999999999995
-0.018539999999999997
-0.037079999999999995
-0.018539999999999997
-0.01188
-0.02376
-0.01188
-0.02376
-0.04752
-0.02376
-0.01188
-0.02376
-0.01188
-0.013680000000000001
-0.027360000000000002
-0.013680000000000001
-0.027360000000000002
-0.054720000000000005
-0.027360000000000002
-0.013680000000000001
-0.027360000000000002
-0.013680000000000001
-0.016380000000000002
-0.032760000000000004
-0.016380000000000002
-0.032760000000000004
-0.06552000000000001
-0.032760000000000004
-0.016380000000000002
-0.032760000000000004
-0.016380000000000002
-0.02034
-0.04068
-0.02034
-0.04068
-0.08136
-0.04068
-0.02034
-0.04068
-0.02034
-0.028619999999999996
-0.05723999999999999
-0.028619999999999996
-0.05723999999999999
-0.11447999999999998
-0.05723999999999999
-0.028619999999999996
-0.05723999999999999
-0.028619999999999996
-0.038340000000000006
-0.07668000000000001
-0.038340000000000006
-0.07668000000000001
-0.15336000000000002
-0.07668000000000001
-0.038340000000000006
-0.07668000000000001
-0.038340000000000006
-0.23814
-0.47628
-0.23814
-0.47628
-0.95256
-0.47628
-0.23814
-0.47628
-0.23814