99
-0.0189
-0.0378
-0.0189
-0.0378
-0.0756
-0.0378
-0.0189
-0.0378
-0.0189
-0.04122
-0.08244
-0.04122
-0.08244
-0.16488
-0.08244
-0.04122
-0.08244
-0.04122
-0.05022000000000001
-0.10044000000000002
-0.05022000000000001
-0.10044000000000002
-0.20088000000000003
-0.10044000000000002
-0.05022000000000001
-0.10044000000000002
-0.05022000000000001
-0.0396
-0.0792
-0.0396
-0.0792
-0.1584
-0.0792
-0.0396
-0.0792
-0.0396
-0.025020000000000004
-0.05004000000000001
-0.025020000000000004
-0.05004000000000001
-0.10008000000000002
-0.05004000000000001
-0.025020000000000004
-0.05004000000000001
-0.025020000000000004
-0.028979999999999995
-0.05795999999999999
-0.028979999999999995
-0.05795999999999999
-0.11591999999999998
-0.05795999999999999
-0.028979999999999995
-0.05795999999999999
-0.028979999999999995
-0.03473999999999999
-0.06947999999999999
-0.03473999999999999
-0.06947999999999999
-0.13895999999999997
-0.06947999999999999
-0.03473999999999999
-0.06947999999999999
-0.03473999999999999
-0.04212
-0.08424
-0.04212
-0.08424
-0.16848
-0.08424
-0.04212
-0.08424
-0.04212
-0.05832
-0.11664
-0.05832
-0.11664
-0.23328
-0.11664
-0.05832
-0.11664
-0.05832
-0.08045999999999999
-0.16091999999999998
-0.08045999999999999
-0.16091999999999998
-0.32183999999999996
-0.16091999999999998
-0.08045999999999999
-0.16091999999999998
-0.08045999999999999
-0.68238
-1.36476
-0.68238
-1.36476
-2.72952
-1.36476
-0.68238
-1.36476
-0.68238