99
-0.01368
-0.02736
-0.01368
-0.02736
-0.05472
-0.02736
-0.01368
-0.02736
-0.01368
-0.029879999999999997
-0.059759999999999994
-0.029879999999999997
-0.059759999999999994
-0.11951999999999999
-0.059759999999999994
-0.029879999999999997
-0.059759999999999994
-0.029879999999999997
-0.03636
-0.07272
-0.03636
-0.07272
-0.14544
-0.07272
-0.03636
-0.07272
-0.03636
-0.028619999999999996
-0.05723999999999999
-0.028619999999999996
-0.05723999999999999
-0.11447999999999998
-0.05723999999999999
-0.028619999999999996
-0.05723999999999999
-0.028619999999999996
-0.018000000000000002
-0.036000000000000004
-0.018000000000000002
-0.036000000000000004
-0.07200000000000001
-0.036000000000000004
-0.018000000000000002
-0.036000000000000004
-0.018000000000000002
-0.0207
-0.0414
-0.0207
-0.0414
-0.0828
-0.0414
-0.0207
-0.0414
-0.0207
-0.024840000000000004
-0.04968000000000001
-0.024840000000000004
-0.04968000000000001
-0.09936000000000002
-0.04968000000000001
-0.024840000000000004
-0.04968000000000001
-0.024840000000000004
-0.030059999999999996
-0.06011999999999999
-0.030059999999999996
-0.06011999999999999
-0.12023999999999999
-0.06011999999999999
-0.030059999999999996
-0.06011999999999999
-0.030059999999999996
-0.041400000000000006
-0.08280000000000001
-0.041400000000000006
-0.08280000000000001
-0.16560000000000002
-0.08280000000000001
-0.041400000000000006
-0.08280000000000001
-0.041400000000000006
-0.05723999999999999
-0.11447999999999998
-0.05723999999999999
-0.11447999999999998
-0.22895999999999997
-0.11447999999999998
-0.05723999999999999
-0.11447999999999998
-0.05723999999999999
-0.48906
-0.97812
-0.48906
-0.97812
-1.95624
-0.97812
-0.48906
-0.97812
-0.48906