99
-0.01008
-0.02016
-0.01008
-0.02016
-0.04032
-0.02016
-0.01008
-0.02016
-0.01008
-0.02196
-0.04392
-0.02196
-0.04392
-0.08784
-0.04392
-0.02196
-0.04392
-0.02196
-0.026820000000000004
-0.05364000000000001
-0.026820000000000004
-0.05364000000000001
-0.10728000000000001
-0.05364000000000001
-0.026820000000000004
-0.05364000000000001
-0.026820000000000004
-0.021060000000000002
-0.042120000000000005
-0.021060000000000002
-0.042120000000000005
-0.08424000000000001
-0.042120000000000005
-0.021060000000000002
-0.042120000000000005
-0.021060000000000002
-0.013140000000000002
-0.026280000000000005
-0.013140000000000002
-0.026280000000000005
-0.05256000000000001
-0.026280000000000005
-0.013140000000000002
-0.026280000000000005
-0.013140000000000002
-0.015120000000000001
-0.030240000000000003
-0.015120000000000001
-0.030240000000000003
-0.060480000000000006
-0.030240000000000003
-0.015120000000000001
-0.030240000000000003
-0.015120000000000001
-0.018000000000000002
-0.036000000000000004
-0.018000000000000002
-0.036000000000000004
-0.07200000000000001
-0.036000000000000004
-0.018000000000000002
-0.036000000000000004
-0.018000000000000002
-0.02196
-0.04392
-0.02196
-0.04392
-0.08784
-0.04392
-0.02196
-0.04392
-0.02196
-0.03096
-0.06192
-0.03096
-0.06192
-0.12384
-0.06192
-0.03096
-0.06192
-0.03096
-0.043379999999999995
-0.08675999999999999
-0.043379999999999995
-0.08675999999999999
-0.17351999999999998
-0.08675999999999999
-0.043379999999999995
-0.08675999999999999
-0.043379999999999995
-0.38195999999999997
-0.7639199999999999
-0.38195999999999997
-0.7639199999999999
-1.5278399999999999
-0.7639199999999999
-0.38195999999999997
-0.7639199999999999
-0.38195999999999997