99
-0.024840000000000004
-0.04968000000000001
-0.024840000000000004
-0.04968000000000001
-0.09936000000000002
-0.04968000000000001
-0.024840000000000004
-0.04968000000000001
-0.024840000000000004
-0.054360000000000006
-0.10872000000000001
-0.054360000000000006
-0.10872000000000001
-0.21744000000000002
-0.10872000000000001
-0.054360000000000006
-0.10872000000000001
-0.054360000000000006
-0.06624000000000001
-0.13248000000000001
-0.06624000000000001
-0.13248000000000001
-0.26496000000000003
-0.13248000000000001
-0.06624000000000001
-0.13248000000000001
-0.06624000000000001
-0.05202
-0.10404
-0.05202
-0.10404
-0.20808
-0.10404
-0.05202
-0.10404
-0.05202
-0.032760000000000004
-0.06552000000000001
-0.032760000000000004
-0.06552000000000001
-0.13104000000000002
-0.06552000000000001
-0.032760000000000004
-0.06552000000000001
-0.032760000000000004
-0.03816000000000001
-0.07632000000000003
-0.03816000000000001
-0.07632000000000003
-0.15264000000000005
-0.07632000000000003
-0.03816000000000001
-0.07632000000000003
-0.03816000000000001
-0.046439999999999995
-0.09287999999999999
-0.046439999999999995
-0.09287999999999999
-0.18575999999999998
-0.09287999999999999
-0.046439999999999995
-0.09287999999999999
-0.046439999999999995
-0.05795999999999999
-0.11591999999999998
-0.05795999999999999
-0.11591999999999998
-0.23183999999999996
-0.11591999999999998
-0.05795999999999999
-0.11591999999999998
-0.05795999999999999
-0.08136
-0.16272
-0.08136
-0.16272
-0.32544
-0.16272
-0.08136
-0.16272
-0.08136
-0.10998000000000001
-0.21996000000000002
-0.10998000000000001
-0.21996000000000002
-0.43992000000000003
-0.21996000000000002
-0.10998000000000001
-0.21996000000000002
-0.10998000000000001
-1.01916
-2.03832
-1.01916
-2.03832
-4.07664
-2.03832
-1.01916
-2.03832
-1.01916