99
-0.007019999999999999
-0.014039999999999999
-0.007019999999999999
-0.014039999999999999
-0.028079999999999997
-0.014039999999999999
-0.007019999999999999
-0.014039999999999999
-0.007019999999999999
-0.016200000000000003
-0.032400000000000005
-0.016200000000000003
-0.032400000000000005
-0.06480000000000001
-0.032400000000000005
-0.016200000000000003
-0.032400000000000005
-0.016200000000000003
-0.02106
-0.04212
-0.02106
-0.04212
-0.08424
-0.04212
-0.02106
-0.04212
-0.02106
-0.01674
-0.03348
-0.01674
-0.03348
-0.06696
-0.03348
-0.01674
-0.03348
-0.01674
-0.01044
-0.02088
-0.01044
-0.02088
-0.04176
-0.02088
-0.01044
-0.02088
-0.01044
-0.012060000000000001
-0.024120000000000003
-0.012060000000000001
-0.024120000000000003
-0.048240000000000005
-0.024120000000000003
-0.012060000000000001
-0.024120000000000003
-0.012060000000000001
-0.014399999999999998
-0.028799999999999996
-0.014399999999999998
-0.028799999999999996
-0.05759999999999999
-0.028799999999999996
-0.014399999999999998
-0.028799999999999996
-0.014399999999999998
-0.01818
-0.03636
-0.01818
-0.03636
-0.07272
-0.03636
-0.01818
-0.03636
-0.01818
-0.025739999999999996
-0.05147999999999999
-0.025739999999999996
-0.05147999999999999
-0.10295999999999998
-0.05147999999999999
-0.025739999999999996
-0.05147999999999999
-0.025739999999999996
-0.034379999999999994
-0.06875999999999999
-0.034379999999999994
-0.06875999999999999
-0.13751999999999998
-0.06875999999999999
-0.034379999999999994
-0.06875999999999999
-0.034379999999999994
-0.2169
-0.4338
-0.2169
-0.4338
-0.8676
-0.4338
-0.2169
-0.4338
-0.2169