99
-0.025379999999999996
-0.05075999999999999
-0.025379999999999996
-0.05075999999999999
-0.10151999999999999
-0.05075999999999999
-0.025379999999999996
-0.05075999999999999
-0.025379999999999996
-0.055439999999999996
-0.11087999999999999
-0.055439999999999996
-0.11087999999999999
-0.22175999999999998
-0.11087999999999999
-0.055439999999999996
-0.11087999999999999
-0.055439999999999996
-0.0675
-0.135
-0.0675
-0.135
-0.27
-0.135
-0.0675
-0.135
-0.0675
-0.05274
-0.10548
-0.05274
-0.10548
-0.21096
-0.10548
-0.05274
-0.10548
-0.05274
-0.032760000000000004
-0.06552000000000001
-0.032760000000000004
-0.06552000000000001
-0.13104000000000002
-0.06552000000000001
-0.032760000000000004
-0.06552000000000001
-0.032760000000000004
-0.03798000000000001
-0.07596000000000001
-0.03798000000000001
-0.07596000000000001
-0.15192000000000003
-0.07596000000000001
-0.03798000000000001
-0.07596000000000001
-0.03798000000000001
-0.04572
-0.09144
-0.04572
-0.09144
-0.18288
-0.09144
-0.04572
-0.09144
-0.04572
-0.05598000000000001
-0.11196000000000002
-0.05598000000000001
-0.11196000000000002
-0.22392000000000004
-0.11196000000000002
-0.05598000000000001
-0.11196000000000002
-0.05598000000000001
-0.07794000000000001
-0.15588000000000002
-0.07794000000000001
-0.15588000000000002
-0.31176000000000004
-0.15588000000000002
-0.07794000000000001
-0.15588000000000002
-0.07794000000000001
-0.10512000000000002
-0.21024000000000004
-0.10512000000000002
-0.21024000000000004
-0.4204800000000001
-0.21024000000000004
-0.10512000000000002
-0.21024000000000004
-0.10512000000000002
-1.03536
-2.07072
-1.03536
-2.07072
-4.14144
-2.07072
-1.03536
-2.07072
-1.03536