99
-0.021419999999999998
-0.042839999999999996
-0.021419999999999998
-0.042839999999999996
-0.08567999999999999
-0.042839999999999996
-0.021419999999999998
-0.042839999999999996
-0.021419999999999998
-0.0468
-0.0936
-0.0468
-0.0936
-0.1872
-0.0936
-0.0468
-0.0936
-0.0468
-0.057059999999999986
-0.11411999999999997
-0.057059999999999986
-0.11411999999999997
-0.22823999999999994
-0.11411999999999997
-0.057059999999999986
-0.11411999999999997
-0.057059999999999986
-0.04464
-0.08928
-0.04464
-0.08928
-0.17856
-0.08928
-0.04464
-0.08928
-0.04464
-0.02754
-0.05508
-0.02754
-0.05508
-0.11016
-0.05508
-0.02754
-0.05508
-0.02754
-0.03185999999999999
-0.06371999999999998
-0.03185999999999999
-0.06371999999999998
-0.12743999999999997
-0.06371999999999998
-0.03185999999999999
-0.06371999999999998
-0.03185999999999999
-0.038340000000000006
-0.07668000000000001
-0.038340000000000006
-0.07668000000000001
-0.15336000000000002
-0.07668000000000001
-0.038340000000000006
-0.07668000000000001
-0.038340000000000006
-0.046439999999999995
-0.09287999999999999
-0.046439999999999995
-0.09287999999999999
-0.18575999999999998
-0.09287999999999999
-0.046439999999999995
-0.09287999999999999
-0.046439999999999995
-0.06444
-0.12888
-0.06444
-0.12888
-0.25776
-0.12888
-0.06444
-0.12888
-0.06444
-0.08639999999999999
-0.17279999999999998
-0.08639999999999999
-0.17279999999999998
-0.34559999999999996
-0.17279999999999998
-0.08639999999999999
-0.17279999999999998
-0.08639999999999999
-0.87174
-1.74348
-0.87174
-1.74348
-3.48696
-1.74348
-0.87174
-1.74348
-0.87174