99
-0.03204
-0.06408
-0.03204
-0.06408
-0.12816
-0.06408
-0.03204
-0.06408
-0.03204
-0.07002
-0.14004
-0.07002
-0.14004
-0.28008
-0.14004
-0.07002
-0.14004
-0.07002
-0.08532
-0.17064
-0.08532
-0.17064
-0.34128
-0.17064
-0.08532
-0.17064
-0.08532
-0.06659999999999999
-0.13319999999999999
-0.06659999999999999
-0.13319999999999999
-0.26639999999999997
-0.13319999999999999
-0.06659999999999999
-0.13319999999999999
-0.06659999999999999
-0.04122
-0.08244
-0.04122
-0.08244
-0.16488
-0.08244
-0.04122
-0.08244
-0.04122
-0.047700000000000006
-0.09540000000000001
-0.047700000000000006
-0.09540000000000001
-0.19080000000000003
-0.09540000000000001
-0.047700000000000006
-0.09540000000000001
-0.047700000000000006
-0.057239999999999985
-0.11447999999999997
-0.057239999999999985
-0.11447999999999997
-0.22895999999999994
-0.11447999999999997
-0.057239999999999985
-0.11447999999999997
-0.057239999999999985
-0.0693
-0.1386
-0.0693
-0.1386
-0.2772
-0.1386
-0.0693
-0.1386
-0.0693
-0.09558
-0.19116
-0.09558
-0.19116
-0.38232
-0.19116
-0.09558
-0.19116
-0.09558
-0.12672
-0.25344
-0.12672
-0.25344
-0.50688
-0.25344
-0.12672
-0.25344
-0.12672
-1.3167
-2.6334
-1.3167
-2.6334
-5.2668
-2.6334
-1.3167
-2.6334
-1.3167