99
-0.00054
-0.00108
-0.00054
-0.00108
-0.00216
-0.00108
-0.00054
-0.00108
-0.00054
-0.0014399999999999999
-0.0028799999999999997
-0.0014399999999999999
-0.0028799999999999997
-0.0057599999999999995
-0.0028799999999999997
-0.0014399999999999999
-0.0028799999999999997
-0.0014399999999999999
-0.0026999999999999997
-0.005399999999999999
-0.0026999999999999997
-0.005399999999999999
-0.010799999999999999
-0.005399999999999999
-0.0026999999999999997
-0.005399999999999999
-0.0026999999999999997
-0.0028799999999999997
-0.0057599999999999995
-0.0028799999999999997
-0.0057599999999999995
-0.011519999999999999
-0.0057599999999999995
-0.0028799999999999997
-0.0057599999999999995
-0.0028799999999999997
-0.00252
-0.00504
-0.00252
-0.00504
-0.01008
-0.00504
-0.00252
-0.00504
-0.00252
-0.0037800000000000004
-0.007560000000000001
-0.0037800000000000004
-0.007560000000000001
-0.015120000000000001
-0.007560000000000001
-0.0037800000000000004
-0.007560000000000001
-0.0037800000000000004
-0.006299999999999999
-0.012599999999999998
-0.006299999999999999
-0.012599999999999998
-0.025199999999999997
-0.012599999999999998
-0.006299999999999999
-0.012599999999999998
-0.006299999999999999
-0.011519999999999999
-0.023039999999999998
-0.011519999999999999
-0.023039999999999998
-0.046079999999999996
-0.023039999999999998
-0.011519999999999999
-0.023039999999999998
-0.011519999999999999
-0.03492
-0.06984
-0.03492
-0.06984
-0.13968
-0.06984
-0.03492
-0.06984
-0.03492
-0.21257999999999996
-0.4251599999999999
-0.21257999999999996
-0.4251599999999999
-0.8503199999999999
-0.4251599999999999
-0.21257999999999996
-0.4251599999999999
-0.21257999999999996
-1.0078200000000002
-2.0156400000000003
-1.0078200000000002
-2.0156400000000003
-4.031280000000001
-2.0156400000000003
-1.0078200000000002
-2.0156400000000003
-1.0078200000000002