99
-0.00054
-0.00108
-0.00054
-0.00108
-0.00216
-0.00108
-0.00054
-0.00108
-0.00054
-0.0014399999999999999
-0.0028799999999999997
-0.0014399999999999999
-0.0028799999999999997
-0.0057599999999999995
-0.0028799999999999997
-0.0014399999999999999
-0.0028799999999999997
-0.0014399999999999999
-0.0026999999999999997
-0.005399999999999999
-0.0026999999999999997
-0.005399999999999999
-0.010799999999999999
-0.005399999999999999
-0.0026999999999999997
-0.005399999999999999
-0.0026999999999999997
-0.0028799999999999997
-0.0057599999999999995
-0.0028799999999999997
-0.0057599999999999995
-0.011519999999999999
-0.0057599999999999995
-0.0028799999999999997
-0.0057599999999999995
-0.0028799999999999997
-0.00252
-0.00504
-0.00252
-0.00504
-0.01008
-0.00504
-0.00252
-0.00504
-0.00252
-0.0035999999999999995
-0.007199999999999999
-0.0035999999999999995
-0.007199999999999999
-0.014399999999999998
-0.007199999999999999
-0.0035999999999999995
-0.007199999999999999
-0.0035999999999999995
-0.00594
-0.01188
-0.00594
-0.01188
-0.02376
-0.01188
-0.00594
-0.01188
-0.00594
-0.01098
-0.02196
-0.01098
-0.02196
-0.04392
-0.02196
-0.01098
-0.02196
-0.01098
-0.032400000000000005
-0.06480000000000001
-0.032400000000000005
-0.06480000000000001
-0.12960000000000002
-0.06480000000000001
-0.032400000000000005
-0.06480000000000001
-0.032400000000000005
-0.14598000000000003
-0.29196000000000005
-0.14598000000000003
-0.29196000000000005
-0.5839200000000001
-0.29196000000000005
-0.14598000000000003
-0.29196000000000005
-0.14598000000000003
-0.9527400000000001
-1.9054800000000003
-0.9527400000000001
-1.9054800000000003
-3.8109600000000006
-1.9054800000000003
-0.9527400000000001
-1.9054800000000003
-0.9527400000000001