99
-0.00054
-0.00108
-0.00054
-0.00108
-0.00216
-0.00108
-0.00054
-0.00108
-0.00054
-0.0014399999999999999
-0.0028799999999999997
-0.0014399999999999999
-0.0028799999999999997
-0.0057599999999999995
-0.0028799999999999997
-0.0014399999999999999
-0.0028799999999999997
-0.0014399999999999999
-0.0026999999999999997
-0.005399999999999999
-0.0026999999999999997
-0.005399999999999999
-0.010799999999999999
-0.005399999999999999
-0.0026999999999999997
-0.005399999999999999
-0.0026999999999999997
-0.0028799999999999997
-0.0057599999999999995
-0.0028799999999999997
-0.0057599999999999995
-0.011519999999999999
-0.0057599999999999995
-0.0028799999999999997
-0.0057599999999999995
-0.0028799999999999997
-0.00252
-0.00504
-0.00252
-0.00504
-0.01008
-0.00504
-0.00252
-0.00504
-0.00252
-0.0035999999999999995
-0.007199999999999999
-0.0035999999999999995
-0.007199999999999999
-0.014399999999999998
-0.007199999999999999
-0.0035999999999999995
-0.007199999999999999
-0.0035999999999999995
-0.00594
-0.01188
-0.00594
-0.01188
-0.02376
-0.01188
-0.00594
-0.01188
-0.00594
-0.01098
-0.02196
-0.01098
-0.02196
-0.04392
-0.02196
-0.01098
-0.02196
-0.01098
-0.03204
-0.06408
-0.03204
-0.06408
-0.12816
-0.06408
-0.03204
-0.06408
-0.03204
-0.14832000000000004
-0.29664000000000007
-0.14832000000000004
-0.29664000000000007
-0.5932800000000001
-0.29664000000000007
-0.14832000000000004
-0.29664000000000007
-0.14832000000000004
-1.1682
-2.3364
-1.1682
-2.3364
-4.6728
-2.3364
-1.1682
-2.3364
-1.1682