99
-0.00054
-0.00108
-0.00054
-0.00108
-0.00216
-0.00108
-0.00054
-0.00108
-0.00054
-0.0014399999999999999
-0.0028799999999999997
-0.0014399999999999999
-0.0028799999999999997
-0.0057599999999999995
-0.0028799999999999997
-0.0014399999999999999
-0.0028799999999999997
-0.0014399999999999999
-0.0026999999999999997
-0.005399999999999999
-0.0026999999999999997
-0.005399999999999999
-0.010799999999999999
-0.005399999999999999
-0.0026999999999999997
-0.005399999999999999
-0.0026999999999999997
-0.0026999999999999997
-0.005399999999999999
-0.0026999999999999997
-0.005399999999999999
-0.010799999999999999
-0.005399999999999999
-0.0026999999999999997
-0.005399999999999999
-0.0026999999999999997
-0.0023400000000000005
-0.004680000000000001
-0.0023400000000000005
-0.004680000000000001
-0.009360000000000002
-0.004680000000000001
-0.0023400000000000005
-0.004680000000000001
-0.0023400000000000005
-0.0035999999999999995
-0.007199999999999999
-0.0035999999999999995
-0.007199999999999999
-0.014399999999999998
-0.007199999999999999
-0.0035999999999999995
-0.007199999999999999
-0.0035999999999999995
-0.00594
-0.01188
-0.00594
-0.01188
-0.02376
-0.01188
-0.00594
-0.01188
-0.00594
-0.010799999999999999
-0.021599999999999998
-0.010799999999999999
-0.021599999999999998
-0.043199999999999995
-0.021599999999999998
-0.010799999999999999
-0.021599999999999998
-0.010799999999999999
-0.030780000000000002
-0.061560000000000004
-0.030780000000000002
-0.061560000000000004
-0.12312000000000001
-0.061560000000000004
-0.030780000000000002
-0.061560000000000004
-0.030780000000000002
-0.19907999999999998
-0.39815999999999996
-0.19907999999999998
-0.39815999999999996
-0.7963199999999999
-0.39815999999999996
-0.19907999999999998
-0.39815999999999996
-0.19907999999999998
-1.2499200000000001
-2.4998400000000003
-1.2499200000000001
-2.4998400000000003
-4.999680000000001
-2.4998400000000003
-1.2499200000000001
-2.4998400000000003
-1.2499200000000001