99
-0.00054
-0.00108
-0.00054
-0.00108
-0.00216
-0.00108
-0.00054
-0.00108
-0.00054
-0.0014399999999999999
-0.0028799999999999997
-0.0014399999999999999
-0.0028799999999999997
-0.0057599999999999995
-0.0028799999999999997
-0.0014399999999999999
-0.0028799999999999997
-0.0014399999999999999
-0.0026999999999999997
-0.005399999999999999
-0.0026999999999999997
-0.005399999999999999
-0.010799999999999999
-0.005399999999999999
-0.0026999999999999997
-0.005399999999999999
-0.0026999999999999997
-0.0026999999999999997
-0.005399999999999999
-0.0026999999999999997
-0.005399999999999999
-0.010799999999999999
-0.005399999999999999
-0.0026999999999999997
-0.005399999999999999
-0.0026999999999999997
-0.0023400000000000005
-0.004680000000000001
-0.0023400000000000005
-0.004680000000000001
-0.009360000000000002
-0.004680000000000001
-0.0023400000000000005
-0.004680000000000001
-0.0023400000000000005
-0.0035999999999999995
-0.007199999999999999
-0.0035999999999999995
-0.007199999999999999
-0.014399999999999998
-0.007199999999999999
-0.0035999999999999995
-0.007199999999999999
-0.0035999999999999995
-0.0057599999999999995
-0.011519999999999999
-0.0057599999999999995
-0.011519999999999999
-0.023039999999999998
-0.011519999999999999
-0.0057599999999999995
-0.011519999999999999
-0.0057599999999999995
-0.01026
-0.02052
-0.01026
-0.02052
-0.04104
-0.02052
-0.01026
-0.02052
-0.01026
-0.02916
-0.05832
-0.02916
-0.05832
-0.11664
-0.05832
-0.02916
-0.05832
-0.02916
-0.14651999999999998
-0.29303999999999997
-0.14651999999999998
-0.29303999999999997
-0.5860799999999999
-0.29303999999999997
-0.14651999999999998
-0.29303999999999997
-0.14651999999999998
-1.2789000000000001
-2.5578000000000003
-1.2789000000000001
-2.5578000000000003
-5.115600000000001
-2.5578000000000003
-1.2789000000000001
-2.5578000000000003
-1.2789000000000001