99
-0.025919999999999995
-0.05183999999999999
-0.025919999999999995
-0.05183999999999999
-0.10367999999999998
-0.05183999999999999
-0.025919999999999995
-0.05183999999999999
-0.025919999999999995
-0.056519999999999994
-0.11303999999999999
-0.056519999999999994
-0.11303999999999999
-0.22607999999999998
-0.11303999999999999
-0.056519999999999994
-0.11303999999999999
-0.056519999999999994
-0.06803999999999999
-0.13607999999999998
-0.06803999999999999
-0.13607999999999998
-0.27215999999999996
-0.13607999999999998
-0.06803999999999999
-0.13607999999999998
-0.06803999999999999
-0.052199999999999996
-0.10439999999999999
-0.052199999999999996
-0.10439999999999999
-0.20879999999999999
-0.10439999999999999
-0.052199999999999996
-0.10439999999999999
-0.052199999999999996
-0.03132
-0.06264
-0.03132
-0.06264
-0.12528
-0.06264
-0.03132
-0.06264
-0.03132
-0.03546
-0.07092
-0.03546
-0.07092
-0.14184
-0.07092
-0.03546
-0.07092
-0.03546
-0.04194
-0.08388
-0.04194
-0.08388
-0.16776
-0.08388
-0.04194
-0.08388
-0.04194
-0.04932000000000001
-0.09864000000000002
-0.04932000000000001
-0.09864000000000002
-0.19728000000000004
-0.09864000000000002
-0.04932000000000001
-0.09864000000000002
-0.04932000000000001
-0.07307999999999999
-0.14615999999999998
-0.07307999999999999
-0.14615999999999998
-0.29231999999999997
-0.14615999999999998
-0.07307999999999999
-0.14615999999999998
-0.07307999999999999
-0.1071
-0.2142
-0.1071
-0.2142
-0.4284
-0.2142
-0.1071
-0.2142
-0.1071
-1.2763799999999998
-2.5527599999999997
-1.2763799999999998
-2.5527599999999997
-5.105519999999999
-2.5527599999999997
-1.2763799999999998
-2.5527599999999997
-1.2763799999999998