99
-0.00054
-0.00108
-0.00054
-0.00108
-0.00216
-0.00108
-0.00054
-0.00108
-0.00054
-0.0014399999999999999
-0.0028799999999999997
-0.0014399999999999999
-0.0028799999999999997
-0.0057599999999999995
-0.0028799999999999997
-0.0014399999999999999
-0.0028799999999999997
-0.0014399999999999999
-0.0025199999999999997
-0.005039999999999999
-0.0025199999999999997
-0.005039999999999999
-0.010079999999999999
-0.005039999999999999
-0.0025199999999999997
-0.005039999999999999
-0.0025199999999999997
-0.0025199999999999997
-0.005039999999999999
-0.0025199999999999997
-0.005039999999999999
-0.010079999999999999
-0.005039999999999999
-0.0025199999999999997
-0.005039999999999999
-0.0025199999999999997
-0.0023400000000000005
-0.004680000000000001
-0.0023400000000000005
-0.004680000000000001
-0.009360000000000002
-0.004680000000000001
-0.0023400000000000005
-0.004680000000000001
-0.0023400000000000005
-0.00342
-0.00684
-0.00342
-0.00684
-0.01368
-0.00684
-0.00342
-0.00684
-0.00342
-0.00558
-0.01116
-0.00558
-0.01116
-0.02232
-0.01116
-0.00558
-0.01116
-0.00558
-0.010079999999999999
-0.020159999999999997
-0.010079999999999999
-0.020159999999999997
-0.040319999999999995
-0.020159999999999997
-0.010079999999999999
-0.020159999999999997
-0.010079999999999999
-0.034019999999999995
-0.06803999999999999
-0.034019999999999995
-0.06803999999999999
-0.13607999999999998
-0.06803999999999999
-0.034019999999999995
-0.06803999999999999
-0.034019999999999995
-0.22932
-0.45864
-0.22932
-0.45864
-0.91728
-0.45864
-0.22932
-0.45864
-0.22932
-1.3429800000000003
-2.6859600000000006
-1.3429800000000003
-2.6859600000000006
-5.371920000000001
-2.6859600000000006
-1.3429800000000003
-2.6859600000000006
-1.3429800000000003