99
-0.01584
-0.03168
-0.01584
-0.03168
-0.06336
-0.03168
-0.01584
-0.03168
-0.01584
-0.03456
-0.06912
-0.03456
-0.06912
-0.13824
-0.06912
-0.03456
-0.06912
-0.03456
-0.0414
-0.0828
-0.0414
-0.0828
-0.1656
-0.0828
-0.0414
-0.0828
-0.0414
-0.03149999999999999
-0.06299999999999999
-0.03149999999999999
-0.06299999999999999
-0.12599999999999997
-0.06299999999999999
-0.03149999999999999
-0.06299999999999999
-0.03149999999999999
-0.018720000000000004
-0.03744000000000001
-0.018720000000000004
-0.03744000000000001
-0.07488000000000002
-0.03744000000000001
-0.018720000000000004
-0.03744000000000001
-0.018720000000000004
-0.02106
-0.04212
-0.02106
-0.04212
-0.08424
-0.04212
-0.02106
-0.04212
-0.02106
-0.024660000000000005
-0.04932000000000001
-0.024660000000000005
-0.04932000000000001
-0.09864000000000002
-0.04932000000000001
-0.024660000000000005
-0.04932000000000001
-0.024660000000000005
-0.028619999999999996
-0.05723999999999999
-0.028619999999999996
-0.05723999999999999
-0.11447999999999998
-0.05723999999999999
-0.028619999999999996
-0.05723999999999999
-0.028619999999999996
-0.043199999999999995
-0.08639999999999999
-0.043199999999999995
-0.08639999999999999
-0.17279999999999998
-0.08639999999999999
-0.043199999999999995
-0.08639999999999999
-0.043199999999999995
-0.06606000000000001
-0.13212000000000002
-0.06606000000000001
-0.13212000000000002
-0.26424000000000003
-0.13212000000000002
-0.06606000000000001
-0.13212000000000002
-0.06606000000000001
-0.8227800000000001
-1.6455600000000001
-0.8227800000000001
-1.6455600000000001
-3.2911200000000003
-1.6455600000000001
-0.8227800000000001
-1.6455600000000001
-0.8227800000000001