99
-0.01368
-0.02736
-0.01368
-0.02736
-0.05472
-0.02736
-0.01368
-0.02736
-0.01368
-0.029699999999999997
-0.059399999999999994
-0.029699999999999997
-0.059399999999999994
-0.11879999999999999
-0.059399999999999994
-0.029699999999999997
-0.059399999999999994
-0.029699999999999997
-0.03546
-0.07092
-0.03546
-0.07092
-0.14184
-0.07092
-0.03546
-0.07092
-0.03546
-0.026999999999999996
-0.05399999999999999
-0.026999999999999996
-0.05399999999999999
-0.10799999999999998
-0.05399999999999999
-0.026999999999999996
-0.05399999999999999
-0.026999999999999996
-0.01602
-0.03204
-0.01602
-0.03204
-0.06408
-0.03204
-0.01602
-0.03204
-0.01602
-0.018000000000000002
-0.036000000000000004
-0.018000000000000002
-0.036000000000000004
-0.07200000000000001
-0.036000000000000004
-0.018000000000000002
-0.036000000000000004
-0.018000000000000002
-0.02106
-0.04212
-0.02106
-0.04212
-0.08424
-0.04212
-0.02106
-0.04212
-0.02106
-0.024300000000000002
-0.048600000000000004
-0.024300000000000002
-0.048600000000000004
-0.09720000000000001
-0.048600000000000004
-0.024300000000000002
-0.048600000000000004
-0.024300000000000002
-0.036899999999999995
-0.07379999999999999
-0.036899999999999995
-0.07379999999999999
-0.14759999999999998
-0.07379999999999999
-0.036899999999999995
-0.07379999999999999
-0.036899999999999995
-0.055799999999999995
-0.11159999999999999
-0.055799999999999995
-0.11159999999999999
-0.22319999999999998
-0.11159999999999999
-0.055799999999999995
-0.11159999999999999
-0.055799999999999995
-0.7041600000000001
-1.4083200000000002
-0.7041600000000001
-1.4083200000000002
-2.8166400000000005
-1.4083200000000002
-0.7041600000000001
-1.4083200000000002
-0.7041600000000001