99
-0.034379999999999994
-0.06875999999999999
-0.034379999999999994
-0.06875999999999999
-0.13751999999999998
-0.06875999999999999
-0.034379999999999994
-0.06875999999999999
-0.034379999999999994
-0.07506
-0.15012
-0.07506
-0.15012
-0.30024
-0.15012
-0.07506
-0.15012
-0.07506
-0.09090000000000001
-0.18180000000000002
-0.09090000000000001
-0.18180000000000002
-0.36360000000000003
-0.18180000000000002
-0.09090000000000001
-0.18180000000000002
-0.09090000000000001
-0.07128000000000001
-0.14256000000000002
-0.07128000000000001
-0.14256000000000002
-0.28512000000000004
-0.14256000000000002
-0.07128000000000001
-0.14256000000000002
-0.07128000000000001
-0.04572
-0.09144
-0.04572
-0.09144
-0.18288
-0.09144
-0.04572
-0.09144
-0.04572
-0.05346000000000001
-0.10692000000000002
-0.05346000000000001
-0.10692000000000002
-0.21384000000000003
-0.10692000000000002
-0.05346000000000001
-0.10692000000000002
-0.05346000000000001
-0.0639
-0.1278
-0.0639
-0.1278
-0.2556
-0.1278
-0.0639
-0.1278
-0.0639
-0.0783
-0.1566
-0.0783
-0.1566
-0.3132
-0.1566
-0.0783
-0.1566
-0.0783
-0.10818
-0.21636
-0.10818
-0.21636
-0.43272
-0.21636
-0.10818
-0.21636
-0.10818
-0.14526
-0.29052
-0.14526
-0.29052
-0.58104
-0.29052
-0.14526
-0.29052
-0.14526
-1.8799199999999998
-3.7598399999999996
-1.8799199999999998
-3.7598399999999996
-7.519679999999999
-3.7598399999999996
-1.8799199999999998
-3.7598399999999996
-1.8799199999999998