99
-0.030780000000000002
-0.061560000000000004
-0.030780000000000002
-0.061560000000000004
-0.12312000000000001
-0.061560000000000004
-0.030780000000000002
-0.061560000000000004
-0.030780000000000002
-0.06714
-0.13428
-0.06714
-0.13428
-0.26856
-0.13428
-0.06714
-0.13428
-0.06714
-0.08172
-0.16344
-0.08172
-0.16344
-0.32688
-0.16344
-0.08172
-0.16344
-0.08172
-0.06371999999999998
-0.12743999999999997
-0.06371999999999998
-0.12743999999999997
-0.25487999999999994
-0.12743999999999997
-0.06371999999999998
-0.12743999999999997
-0.06371999999999998
-0.039599999999999996
-0.07919999999999999
-0.039599999999999996
-0.07919999999999999
-0.15839999999999999
-0.07919999999999999
-0.039599999999999996
-0.07919999999999999
-0.039599999999999996
-0.045899999999999996
-0.09179999999999999
-0.045899999999999996
-0.09179999999999999
-0.18359999999999999
-0.09179999999999999
-0.045899999999999996
-0.09179999999999999
-0.045899999999999996
-0.054720000000000005
-0.10944000000000001
-0.054720000000000005
-0.10944000000000001
-0.21888000000000002
-0.10944000000000001
-0.054720000000000005
-0.10944000000000001
-0.054720000000000005
-0.06624000000000001
-0.13248000000000001
-0.06624000000000001
-0.13248000000000001
-0.26496000000000003
-0.13248000000000001
-0.06624000000000001
-0.13248000000000001
-0.06624000000000001
-0.09090000000000001
-0.18180000000000002
-0.09090000000000001
-0.18180000000000002
-0.36360000000000003
-0.18180000000000002
-0.09090000000000001
-0.18180000000000002
-0.09090000000000001
-0.11879999999999999
-0.23759999999999998
-0.11879999999999999
-0.23759999999999998
-0.47519999999999996
-0.23759999999999998
-0.11879999999999999
-0.23759999999999998
-0.11879999999999999
-1.6434
-3.2868
-1.6434
-3.2868
-6.5736
-3.2868
-1.6434
-3.2868
-1.6434