99
-0.00017999999999999998
-0.00035999999999999997
-0.00017999999999999998
-0.00035999999999999997
-0.0007199999999999999
-0.00035999999999999997
-0.00017999999999999998
-0.00035999999999999997
-0.00017999999999999998
-0.00054
-0.00108
-0.00054
-0.00108
-0.00216
-0.00108
-0.00054
-0.00108
-0.00054
-0.00108
-0.00216
-0.00108
-0.00216
-0.00432
-0.00216
-0.00108
-0.00216
-0.00108
-0.00108
-0.00216
-0.00108
-0.00216
-0.00432
-0.00216
-0.00108
-0.00216
-0.00108
-0.00108
-0.00216
-0.00108
-0.00216
-0.00432
-0.00216
-0.00108
-0.00216
-0.00108
-0.0017999999999999997
-0.0035999999999999995
-0.0017999999999999997
-0.0035999999999999995
-0.007199999999999999
-0.0035999999999999995
-0.0017999999999999997
-0.0035999999999999995
-0.0017999999999999997
-0.0028799999999999997
-0.0057599999999999995
-0.0028799999999999997
-0.0057599999999999995
-0.011519999999999999
-0.0057599999999999995
-0.0028799999999999997
-0.0057599999999999995
-0.0028799999999999997
-0.005039999999999999
-0.010079999999999999
-0.005039999999999999
-0.010079999999999999
-0.020159999999999997
-0.010079999999999999
-0.005039999999999999
-0.010079999999999999
-0.005039999999999999
-0.01494
-0.02988
-0.01494
-0.02988
-0.05976
-0.02988
-0.01494
-0.02988
-0.01494
-0.09108
-0.18216
-0.09108
-0.18216
-0.36432
-0.18216
-0.09108
-0.18216
-0.09108
-0.5149799999999999
-1.0299599999999998
-0.5149799999999999
-1.0299599999999998
-2.0599199999999995
-1.0299599999999998
-0.5149799999999999
-1.0299599999999998
-0.5149799999999999