99
-0.00054
-0.00108
-0.00054
-0.00108
-0.00216
-0.00108
-0.00054
-0.00108
-0.00054
-0.00126
-0.00252
-0.00126
-0.00252
-0.00504
-0.00252
-0.00126
-0.00252
-0.00126
-0.00216
-0.00432
-0.00216
-0.00432
-0.00864
-0.00432
-0.00216
-0.00432
-0.00216
-0.00216
-0.00432
-0.00216
-0.00432
-0.00864
-0.00432
-0.00216
-0.00432
-0.00216
-0.0017999999999999997
-0.0035999999999999995
-0.0017999999999999997
-0.0035999999999999995
-0.007199999999999999
-0.0035999999999999995
-0.0017999999999999997
-0.0035999999999999995
-0.0017999999999999997
-0.0028799999999999997
-0.0057599999999999995
-0.0028799999999999997
-0.0057599999999999995
-0.011519999999999999
-0.0057599999999999995
-0.0028799999999999997
-0.0057599999999999995
-0.0028799999999999997
-0.0048600000000000015
-0.009720000000000003
-0.0048600000000000015
-0.009720000000000003
-0.019440000000000006
-0.009720000000000003
-0.0048600000000000015
-0.009720000000000003
-0.0048600000000000015
-0.009000000000000001
-0.018000000000000002
-0.009000000000000001
-0.018000000000000002
-0.036000000000000004
-0.018000000000000002
-0.009000000000000001
-0.018000000000000002
-0.009000000000000001
-0.026640000000000004
-0.05328000000000001
-0.026640000000000004
-0.05328000000000001
-0.10656000000000002
-0.05328000000000001
-0.026640000000000004
-0.05328000000000001
-0.026640000000000004
-0.18054000000000003
-0.36108000000000007
-0.18054000000000003
-0.36108000000000007
-0.7221600000000001
-0.36108000000000007
-0.18054000000000003
-0.36108000000000007
-0.18054000000000003
-1.00728
-2.01456
-1.00728
-2.01456
-4.02912
-2.01456
-1.00728
-2.01456
-1.00728