99
-0.00054
-0.00108
-0.00054
-0.00108
-0.00216
-0.00108
-0.00054
-0.00108
-0.00054
-0.0014399999999999999
-0.0028799999999999997
-0.0014399999999999999
-0.0028799999999999997
-0.0057599999999999995
-0.0028799999999999997
-0.0014399999999999999
-0.0028799999999999997
-0.0014399999999999999
-0.0025199999999999997
-0.005039999999999999
-0.0025199999999999997
-0.005039999999999999
-0.010079999999999999
-0.005039999999999999
-0.0025199999999999997
-0.005039999999999999
-0.0025199999999999997
-0.0025199999999999997
-0.005039999999999999
-0.0025199999999999997
-0.005039999999999999
-0.010079999999999999
-0.005039999999999999
-0.0025199999999999997
-0.005039999999999999
-0.0025199999999999997
-0.0023400000000000005
-0.004680000000000001
-0.0023400000000000005
-0.004680000000000001
-0.009360000000000002
-0.004680000000000001
-0.0023400000000000005
-0.004680000000000001
-0.0023400000000000005
-0.0035999999999999995
-0.007199999999999999
-0.0035999999999999995
-0.007199999999999999
-0.014399999999999998
-0.007199999999999999
-0.0035999999999999995
-0.007199999999999999
-0.0035999999999999995
-0.0057599999999999995
-0.011519999999999999
-0.0057599999999999995
-0.011519999999999999
-0.023039999999999998
-0.011519999999999999
-0.0057599999999999995
-0.011519999999999999
-0.0057599999999999995
-0.010079999999999999
-0.020159999999999997
-0.010079999999999999
-0.020159999999999997
-0.040319999999999995
-0.020159999999999997
-0.010079999999999999
-0.020159999999999997
-0.010079999999999999
-0.028259999999999997
-0.056519999999999994
-0.028259999999999997
-0.056519999999999994
-0.11303999999999999
-0.056519999999999994
-0.028259999999999997
-0.056519999999999994
-0.028259999999999997
-0.19638
-0.39276
-0.19638
-0.39276
-0.78552
-0.39276
-0.19638
-0.39276
-0.19638
-1.42272
-2.84544
-1.42272
-2.84544
-5.69088
-2.84544
-1.42272
-2.84544
-1.42272