99
-0.00054
-0.00108
-0.00054
-0.00108
-0.00216
-0.00108
-0.00054
-0.00108
-0.00054
-0.0014399999999999999
-0.0028799999999999997
-0.0014399999999999999
-0.0028799999999999997
-0.0057599999999999995
-0.0028799999999999997
-0.0014399999999999999
-0.0028799999999999997
-0.0014399999999999999
-0.0025199999999999997
-0.005039999999999999
-0.0025199999999999997
-0.005039999999999999
-0.010079999999999999
-0.005039999999999999
-0.0025199999999999997
-0.005039999999999999
-0.0025199999999999997
-0.0025199999999999997
-0.005039999999999999
-0.0025199999999999997
-0.005039999999999999
-0.010079999999999999
-0.005039999999999999
-0.0025199999999999997
-0.005039999999999999
-0.0025199999999999997
-0.0023400000000000005
-0.004680000000000001
-0.0023400000000000005
-0.004680000000000001
-0.009360000000000002
-0.004680000000000001
-0.0023400000000000005
-0.004680000000000001
-0.0023400000000000005
-0.00342
-0.00684
-0.00342
-0.00684
-0.01368
-0.00684
-0.00342
-0.00684
-0.00342
-0.00558
-0.01116
-0.00558
-0.01116
-0.02232
-0.01116
-0.00558
-0.01116
-0.00558
-0.009900000000000003
-0.019800000000000005
-0.009900000000000003
-0.019800000000000005
-0.03960000000000001
-0.019800000000000005
-0.009900000000000003
-0.019800000000000005
-0.009900000000000003
-0.026640000000000004
-0.05328000000000001
-0.026640000000000004
-0.05328000000000001
-0.10656000000000002
-0.05328000000000001
-0.026640000000000004
-0.05328000000000001
-0.026640000000000004
-0.16794
-0.33588
-0.16794
-0.33588
-0.67176
-0.33588
-0.16794
-0.33588
-0.16794
-2.2089600000000003
-4.4179200000000005
-2.2089600000000003
-4.4179200000000005
-8.835840000000001
-4.4179200000000005
-2.2089600000000003
-4.4179200000000005
-2.2089600000000003