99
-0.00216
-0.00432
-0.00216
-0.00432
-0.00864
-0.00432
-0.00216
-0.00432
-0.00216
-0.004680000000000001
-0.009360000000000002
-0.004680000000000001
-0.009360000000000002
-0.018720000000000004
-0.009360000000000002
-0.004680000000000001
-0.009360000000000002
-0.004680000000000001
-0.0057599999999999995
-0.011519999999999999
-0.0057599999999999995
-0.011519999999999999
-0.023039999999999998
-0.011519999999999999
-0.0057599999999999995
-0.011519999999999999
-0.0057599999999999995
-0.0045
-0.009
-0.0045
-0.009
-0.018
-0.009
-0.0045
-0.009
-0.0045
-0.0026999999999999997
-0.005399999999999999
-0.0026999999999999997
-0.005399999999999999
-0.010799999999999999
-0.005399999999999999
-0.0026999999999999997
-0.005399999999999999
-0.0026999999999999997
-0.0032400000000000003
-0.0064800000000000005
-0.0032400000000000003
-0.0064800000000000005
-0.012960000000000001
-0.0064800000000000005
-0.0032400000000000003
-0.0064800000000000005
-0.0032400000000000003
-0.00396
-0.00792
-0.00396
-0.00792
-0.01584
-0.00792
-0.00396
-0.00792
-0.00396
-0.004860000000000001
-0.009720000000000001
-0.004860000000000001
-0.009720000000000001
-0.019440000000000002
-0.009720000000000001
-0.004860000000000001
-0.009720000000000001
-0.004860000000000001
-0.006659999999999999
-0.013319999999999999
-0.006659999999999999
-0.013319999999999999
-0.026639999999999997
-0.013319999999999999
-0.006659999999999999
-0.013319999999999999
-0.006659999999999999
-0.00882
-0.01764
-0.00882
-0.01764
-0.03528
-0.01764
-0.00882
-0.01764
-0.00882
-0.05850000000000001
-0.11700000000000002
-0.05850000000000001
-0.11700000000000002
-0.23400000000000004
-0.11700000000000002
-0.05850000000000001
-0.11700000000000002
-0.05850000000000001