99
-0.00054
-0.00108
-0.00054
-0.00108
-0.00216
-0.00108
-0.00054
-0.00108
-0.00054
-0.0014399999999999999
-0.0028799999999999997
-0.0014399999999999999
-0.0028799999999999997
-0.0057599999999999995
-0.0028799999999999997
-0.0014399999999999999
-0.0028799999999999997
-0.0014399999999999999
-0.0025199999999999997
-0.005039999999999999
-0.0025199999999999997
-0.005039999999999999
-0.010079999999999999
-0.005039999999999999
-0.0025199999999999997
-0.005039999999999999
-0.0025199999999999997
-0.0025199999999999997
-0.005039999999999999
-0.0025199999999999997
-0.005039999999999999
-0.010079999999999999
-0.005039999999999999
-0.0025199999999999997
-0.005039999999999999
-0.0025199999999999997
-0.00216
-0.00432
-0.00216
-0.00432
-0.00864
-0.00432
-0.00216
-0.00432
-0.00216
-0.0030600000000000002
-0.0061200000000000004
-0.0030600000000000002
-0.0061200000000000004
-0.012240000000000001
-0.0061200000000000004
-0.0030600000000000002
-0.0061200000000000004
-0.0030600000000000002
-0.005039999999999999
-0.010079999999999999
-0.005039999999999999
-0.010079999999999999
-0.020159999999999997
-0.010079999999999999
-0.005039999999999999
-0.010079999999999999
-0.005039999999999999
-0.00882
-0.01764
-0.00882
-0.01764
-0.03528
-0.01764
-0.00882
-0.01764
-0.00882
-0.02232
-0.04464
-0.02232
-0.04464
-0.08928
-0.04464
-0.02232
-0.04464
-0.02232
-0.09468
-0.18936
-0.09468
-0.18936
-0.37872
-0.18936
-0.09468
-0.18936
-0.09468
-2.14938
-4.29876
-2.14938
-4.29876
-8.59752
-4.29876
-2.14938
-4.29876
-2.14938