99
-0.00054
-0.00108
-0.00054
-0.00108
-0.00216
-0.00108
-0.00054
-0.00108
-0.00054
-0.0014399999999999999
-0.0028799999999999997
-0.0014399999999999999
-0.0028799999999999997
-0.0057599999999999995
-0.0028799999999999997
-0.0014399999999999999
-0.0028799999999999997
-0.0014399999999999999
-0.0025199999999999997
-0.005039999999999999
-0.0025199999999999997
-0.005039999999999999
-0.010079999999999999
-0.005039999999999999
-0.0025199999999999997
-0.005039999999999999
-0.0025199999999999997
-0.0025199999999999997
-0.005039999999999999
-0.0025199999999999997
-0.005039999999999999
-0.010079999999999999
-0.005039999999999999
-0.0025199999999999997
-0.005039999999999999
-0.0025199999999999997
-0.00216
-0.00432
-0.00216
-0.00432
-0.00864
-0.00432
-0.00216
-0.00432
-0.00216
-0.0030600000000000002
-0.0061200000000000004
-0.0030600000000000002
-0.0061200000000000004
-0.012240000000000001
-0.0061200000000000004
-0.0030600000000000002
-0.0061200000000000004
-0.0030600000000000002
-0.0048600000000000015
-0.009720000000000003
-0.0048600000000000015
-0.009720000000000003
-0.019440000000000006
-0.009720000000000003
-0.0048600000000000015
-0.009720000000000003
-0.0048600000000000015
-0.008280000000000001
-0.016560000000000002
-0.008280000000000001
-0.016560000000000002
-0.033120000000000004
-0.016560000000000002
-0.008280000000000001
-0.016560000000000002
-0.008280000000000001
-0.020520000000000004
-0.04104000000000001
-0.020520000000000004
-0.04104000000000001
-0.08208000000000001
-0.04104000000000001
-0.020520000000000004
-0.04104000000000001
-0.020520000000000004
-0.07937999999999999
-0.15875999999999998
-0.07937999999999999
-0.15875999999999998
-0.31751999999999997
-0.15875999999999998
-0.07937999999999999
-0.15875999999999998
-0.07937999999999999
-1.9566
-3.9132
-1.9566
-3.9132
-7.8264
-3.9132
-1.9566
-3.9132
-1.9566