99
-0.00054
-0.00108
-0.00054
-0.00108
-0.00216
-0.00108
-0.00054
-0.00108
-0.00054
-0.0014399999999999999
-0.0028799999999999997
-0.0014399999999999999
-0.0028799999999999997
-0.0057599999999999995
-0.0028799999999999997
-0.0014399999999999999
-0.0028799999999999997
-0.0014399999999999999
-0.0025199999999999997
-0.005039999999999999
-0.0025199999999999997
-0.005039999999999999
-0.010079999999999999
-0.005039999999999999
-0.0025199999999999997
-0.005039999999999999
-0.0025199999999999997
-0.0025199999999999997
-0.005039999999999999
-0.0025199999999999997
-0.005039999999999999
-0.010079999999999999
-0.005039999999999999
-0.0025199999999999997
-0.005039999999999999
-0.0025199999999999997
-0.00216
-0.00432
-0.00216
-0.00432
-0.00864
-0.00432
-0.00216
-0.00432
-0.00216
-0.0030600000000000002
-0.0061200000000000004
-0.0030600000000000002
-0.0061200000000000004
-0.012240000000000001
-0.0061200000000000004
-0.0030600000000000002
-0.0061200000000000004
-0.0030600000000000002
-0.0048600000000000015
-0.009720000000000003
-0.0048600000000000015
-0.009720000000000003
-0.019440000000000006
-0.009720000000000003
-0.0048600000000000015
-0.009720000000000003
-0.0048600000000000015
-0.008100000000000001
-0.016200000000000003
-0.008100000000000001
-0.016200000000000003
-0.032400000000000005
-0.016200000000000003
-0.008100000000000001
-0.016200000000000003
-0.008100000000000001
-0.0198
-0.0396
-0.0198
-0.0396
-0.0792
-0.0396
-0.0198
-0.0396
-0.0198
-0.0729
-0.1458
-0.0729
-0.1458
-0.2916
-0.1458
-0.0729
-0.1458
-0.0729
-1.1853
-2.3706
-1.1853
-2.3706
-4.7412
-2.3706
-1.1853
-2.3706
-1.1853