99
-0.00054
-0.00108
-0.00054
-0.00108
-0.00216
-0.00108
-0.00054
-0.00108
-0.00054
-0.0014399999999999999
-0.0028799999999999997
-0.0014399999999999999
-0.0028799999999999997
-0.0057599999999999995
-0.0028799999999999997
-0.0014399999999999999
-0.0028799999999999997
-0.0014399999999999999
-0.0025199999999999997
-0.005039999999999999
-0.0025199999999999997
-0.005039999999999999
-0.010079999999999999
-0.005039999999999999
-0.0025199999999999997
-0.005039999999999999
-0.0025199999999999997
-0.0025199999999999997
-0.005039999999999999
-0.0025199999999999997
-0.005039999999999999
-0.010079999999999999
-0.005039999999999999
-0.0025199999999999997
-0.005039999999999999
-0.0025199999999999997
-0.00216
-0.00432
-0.00216
-0.00432
-0.00864
-0.00432
-0.00216
-0.00432
-0.00216
-0.0030600000000000002
-0.0061200000000000004
-0.0030600000000000002
-0.0061200000000000004
-0.012240000000000001
-0.0061200000000000004
-0.0030600000000000002
-0.0061200000000000004
-0.0030600000000000002
-0.0048600000000000015
-0.009720000000000003
-0.0048600000000000015
-0.009720000000000003
-0.019440000000000006
-0.009720000000000003
-0.0048600000000000015
-0.009720000000000003
-0.0048600000000000015
-0.00774
-0.01548
-0.00774
-0.01548
-0.03096
-0.01548
-0.00774
-0.01548
-0.00774
-0.0189
-0.0378
-0.0189
-0.0378
-0.0756
-0.0378
-0.0189
-0.0378
-0.0189
-0.16307999999999997
-0.32615999999999995
-0.16307999999999997
-0.32615999999999995
-0.6523199999999999
-0.32615999999999995
-0.16307999999999997
-0.32615999999999995
-0.16307999999999997
-1.4445000000000001
-2.8890000000000002
-1.4445000000000001
-2.8890000000000002
-5.7780000000000005
-2.8890000000000002
-1.4445000000000001
-2.8890000000000002
-1.4445000000000001