99
-0.00054
-0.00108
-0.00054
-0.00108
-0.00216
-0.00108
-0.00054
-0.00108
-0.00054
-0.0014399999999999999
-0.0028799999999999997
-0.0014399999999999999
-0.0028799999999999997
-0.0057599999999999995
-0.0028799999999999997
-0.0014399999999999999
-0.0028799999999999997
-0.0014399999999999999
-0.0025199999999999997
-0.005039999999999999
-0.0025199999999999997
-0.005039999999999999
-0.010079999999999999
-0.005039999999999999
-0.0025199999999999997
-0.005039999999999999
-0.0025199999999999997
-0.00234
-0.00468
-0.00234
-0.00468
-0.00936
-0.00468
-0.00234
-0.00468
-0.00234
-0.0017999999999999997
-0.0035999999999999995
-0.0017999999999999997
-0.0035999999999999995
-0.007199999999999999
-0.0035999999999999995
-0.0017999999999999997
-0.0035999999999999995
-0.0017999999999999997
-0.0026999999999999997
-0.005399999999999999
-0.0026999999999999997
-0.005399999999999999
-0.010799999999999999
-0.005399999999999999
-0.0026999999999999997
-0.005399999999999999
-0.0026999999999999997
-0.0045000000000000005
-0.009000000000000001
-0.0045000000000000005
-0.009000000000000001
-0.018000000000000002
-0.009000000000000001
-0.0045000000000000005
-0.009000000000000001
-0.0045000000000000005
-0.007019999999999999
-0.014039999999999999
-0.007019999999999999
-0.014039999999999999
-0.028079999999999997
-0.014039999999999999
-0.007019999999999999
-0.014039999999999999
-0.007019999999999999
-0.01728
-0.03456
-0.01728
-0.03456
-0.06912
-0.03456
-0.01728
-0.03456
-0.01728
-0.15642
-0.31284
-0.15642
-0.31284
-0.62568
-0.31284
-0.15642
-0.31284
-0.15642
-0.8935200000000001
-1.7870400000000002
-0.8935200000000001
-1.7870400000000002
-3.5740800000000004
-1.7870400000000002
-0.8935200000000001
-1.7870400000000002
-0.8935200000000001