99
-0.00054
-0.00108
-0.00054
-0.00108
-0.00216
-0.00108
-0.00054
-0.00108
-0.00054
-0.0014399999999999999
-0.0028799999999999997
-0.0014399999999999999
-0.0028799999999999997
-0.0057599999999999995
-0.0028799999999999997
-0.0014399999999999999
-0.0028799999999999997
-0.0014399999999999999
-0.0025199999999999997
-0.005039999999999999
-0.0025199999999999997
-0.005039999999999999
-0.010079999999999999
-0.005039999999999999
-0.0025199999999999997
-0.005039999999999999
-0.0025199999999999997
-0.00234
-0.00468
-0.00234
-0.00468
-0.00936
-0.00468
-0.00234
-0.00468
-0.00234
-0.0017999999999999997
-0.0035999999999999995
-0.0017999999999999997
-0.0035999999999999995
-0.007199999999999999
-0.0035999999999999995
-0.0017999999999999997
-0.0035999999999999995
-0.0017999999999999997
-0.0026999999999999997
-0.005399999999999999
-0.0026999999999999997
-0.005399999999999999
-0.010799999999999999
-0.005399999999999999
-0.0026999999999999997
-0.005399999999999999
-0.0026999999999999997
-0.00432
-0.00864
-0.00432
-0.00864
-0.01728
-0.00864
-0.00432
-0.00864
-0.00432
-0.006659999999999999
-0.013319999999999999
-0.006659999999999999
-0.013319999999999999
-0.026639999999999997
-0.013319999999999999
-0.006659999999999999
-0.013319999999999999
-0.006659999999999999
-0.01692
-0.03384
-0.01692
-0.03384
-0.06768
-0.03384
-0.01692
-0.03384
-0.01692
-0.18126000000000003
-0.36252000000000006
-0.18126000000000003
-0.36252000000000006
-0.7250400000000001
-0.36252000000000006
-0.18126000000000003
-0.36252000000000006
-0.18126000000000003
-2.21202
-4.42404
-2.21202
-4.42404
-8.84808
-4.42404
-2.21202
-4.42404
-2.21202