99
-0.00054
-0.00108
-0.00054
-0.00108
-0.00216
-0.00108
-0.00054
-0.00108
-0.00054
-0.0014399999999999999
-0.0028799999999999997
-0.0014399999999999999
-0.0028799999999999997
-0.0057599999999999995
-0.0028799999999999997
-0.0014399999999999999
-0.0028799999999999997
-0.0014399999999999999
-0.0023400000000000005
-0.004680000000000001
-0.0023400000000000005
-0.004680000000000001
-0.009360000000000002
-0.004680000000000001
-0.0023400000000000005
-0.004680000000000001
-0.0023400000000000005
-0.00216
-0.00432
-0.00216
-0.00432
-0.00864
-0.00432
-0.00216
-0.00432
-0.00216
-0.0017999999999999997
-0.0035999999999999995
-0.0017999999999999997
-0.0035999999999999995
-0.007199999999999999
-0.0035999999999999995
-0.0017999999999999997
-0.0035999999999999995
-0.0017999999999999997
-0.0026999999999999997
-0.005399999999999999
-0.0026999999999999997
-0.005399999999999999
-0.010799999999999999
-0.005399999999999999
-0.0026999999999999997
-0.005399999999999999
-0.0026999999999999997
-0.00432
-0.00864
-0.00432
-0.00864
-0.01728
-0.00864
-0.00432
-0.00864
-0.00432
-0.0064800000000000005
-0.012960000000000001
-0.0064800000000000005
-0.012960000000000001
-0.025920000000000002
-0.012960000000000001
-0.0064800000000000005
-0.012960000000000001
-0.0064800000000000005
-0.01602
-0.03204
-0.01602
-0.03204
-0.06408
-0.03204
-0.01602
-0.03204
-0.01602
-0.09287999999999999
-0.18575999999999998
-0.09287999999999999
-0.18575999999999998
-0.37151999999999996
-0.18575999999999998
-0.09287999999999999
-0.18575999999999998
-0.09287999999999999
-1.56744
-3.13488
-1.56744
-3.13488
-6.26976
-3.13488
-1.56744
-3.13488
-1.56744