99
-0.00054
-0.00108
-0.00054
-0.00108
-0.00216
-0.00108
-0.00054
-0.00108
-0.00054
-0.0014399999999999999
-0.0028799999999999997
-0.0014399999999999999
-0.0028799999999999997
-0.0057599999999999995
-0.0028799999999999997
-0.0014399999999999999
-0.0028799999999999997
-0.0014399999999999999
-0.0023400000000000005
-0.004680000000000001
-0.0023400000000000005
-0.004680000000000001
-0.009360000000000002
-0.004680000000000001
-0.0023400000000000005
-0.004680000000000001
-0.0023400000000000005
-0.00216
-0.00432
-0.00216
-0.00432
-0.00864
-0.00432
-0.00216
-0.00432
-0.00216
-0.0017999999999999997
-0.0035999999999999995
-0.0017999999999999997
-0.0035999999999999995
-0.007199999999999999
-0.0035999999999999995
-0.0017999999999999997
-0.0035999999999999995
-0.0017999999999999997
-0.00252
-0.00504
-0.00252
-0.00504
-0.01008
-0.00504
-0.00252
-0.00504
-0.00252
-0.0041400000000000005
-0.008280000000000001
-0.0041400000000000005
-0.008280000000000001
-0.016560000000000002
-0.008280000000000001
-0.0041400000000000005
-0.008280000000000001
-0.0041400000000000005
-0.0064800000000000005
-0.012960000000000001
-0.0064800000000000005
-0.012960000000000001
-0.025920000000000002
-0.012960000000000001
-0.0064800000000000005
-0.012960000000000001
-0.0064800000000000005
-0.01566
-0.03132
-0.01566
-0.03132
-0.06264
-0.03132
-0.01566
-0.03132
-0.01566
-0.07758
-0.15516
-0.07758
-0.15516
-0.31032
-0.15516
-0.07758
-0.15516
-0.07758
-2.03922
-4.07844
-2.03922
-4.07844
-8.15688
-4.07844
-2.03922
-4.07844
-2.03922