99
-0.009540000000000002
-0.019080000000000003
-0.009540000000000002
-0.019080000000000003
-0.038160000000000006
-0.019080000000000003
-0.009540000000000002
-0.019080000000000003
-0.009540000000000002
-0.0207
-0.0414
-0.0207
-0.0414
-0.0828
-0.0414
-0.0207
-0.0414
-0.0207
-0.025020000000000004
-0.05004000000000001
-0.025020000000000004
-0.05004000000000001
-0.10008000000000002
-0.05004000000000001
-0.025020000000000004
-0.05004000000000001
-0.025020000000000004
-0.019620000000000002
-0.039240000000000004
-0.019620000000000002
-0.039240000000000004
-0.07848000000000001
-0.039240000000000004
-0.019620000000000002
-0.039240000000000004
-0.019620000000000002
-0.012420000000000002
-0.024840000000000004
-0.012420000000000002
-0.024840000000000004
-0.04968000000000001
-0.024840000000000004
-0.012420000000000002
-0.024840000000000004
-0.012420000000000002
-0.014399999999999998
-0.028799999999999996
-0.014399999999999998
-0.028799999999999996
-0.05759999999999999
-0.028799999999999996
-0.014399999999999998
-0.028799999999999996
-0.014399999999999998
-0.0171
-0.0342
-0.0171
-0.0342
-0.0684
-0.0342
-0.0171
-0.0342
-0.0171
-0.02052
-0.04104
-0.02052
-0.04104
-0.08208
-0.04104
-0.02052
-0.04104
-0.02052
-0.028259999999999997
-0.056519999999999994
-0.028259999999999997
-0.056519999999999994
-0.11303999999999999
-0.056519999999999994
-0.028259999999999997
-0.056519999999999994
-0.028259999999999997
-0.039060000000000004
-0.07812000000000001
-0.039060000000000004
-0.07812000000000001
-0.15624000000000002
-0.07812000000000001
-0.039060000000000004
-0.07812000000000001
-0.039060000000000004
-0.25992000000000004
-0.5198400000000001
-0.25992000000000004
-0.5198400000000001
-1.0396800000000002
-0.5198400000000001
-0.25992000000000004
-0.5198400000000001
-0.25992000000000004