99
-0.005220000000000001
-0.010440000000000001
-0.005220000000000001
-0.010440000000000001
-0.020880000000000003
-0.010440000000000001
-0.005220000000000001
-0.010440000000000001
-0.005220000000000001
-0.01134
-0.02268
-0.01134
-0.02268
-0.04536
-0.02268
-0.01134
-0.02268
-0.01134
-0.013680000000000001
-0.027360000000000002
-0.013680000000000001
-0.027360000000000002
-0.054720000000000005
-0.027360000000000002
-0.013680000000000001
-0.027360000000000002
-0.013680000000000001
-0.010620000000000001
-0.021240000000000002
-0.010620000000000001
-0.021240000000000002
-0.042480000000000004
-0.021240000000000002
-0.010620000000000001
-0.021240000000000002
-0.010620000000000001
-0.006660000000000001
-0.013320000000000002
-0.006660000000000001
-0.013320000000000002
-0.026640000000000004
-0.013320000000000002
-0.006660000000000001
-0.013320000000000002
-0.006660000000000001
-0.00774
-0.01548
-0.00774
-0.01548
-0.03096
-0.01548
-0.00774
-0.01548
-0.00774
-0.00918
-0.01836
-0.00918
-0.01836
-0.03672
-0.01836
-0.00918
-0.01836
-0.00918
-0.01116
-0.02232
-0.01116
-0.02232
-0.04464
-0.02232
-0.01116
-0.02232
-0.01116
-0.01548
-0.03096
-0.01548
-0.03096
-0.06192
-0.03096
-0.01548
-0.03096
-0.01548
-0.02124
-0.04248
-0.02124
-0.04248
-0.08496
-0.04248
-0.02124
-0.04248
-0.02124
-0.14076
-0.28152
-0.14076
-0.28152
-0.56304
-0.28152
-0.14076
-0.28152
-0.14076