99
-0.00054
-0.00108
-0.00054
-0.00108
-0.00216
-0.00108
-0.00054
-0.00108
-0.00054
-0.0014399999999999999
-0.0028799999999999997
-0.0014399999999999999
-0.0028799999999999997
-0.0057599999999999995
-0.0028799999999999997
-0.0014399999999999999
-0.0028799999999999997
-0.0014399999999999999
-0.00216
-0.00432
-0.00216
-0.00432
-0.00864
-0.00432
-0.00216
-0.00432
-0.00216
-0.00198
-0.00396
-0.00198
-0.00396
-0.00792
-0.00396
-0.00198
-0.00396
-0.00198
-0.0016200000000000001
-0.0032400000000000003
-0.0016200000000000001
-0.0032400000000000003
-0.0064800000000000005
-0.0032400000000000003
-0.0016200000000000001
-0.0032400000000000003
-0.0016200000000000001
-0.0023400000000000005
-0.004680000000000001
-0.0023400000000000005
-0.004680000000000001
-0.009360000000000002
-0.004680000000000001
-0.0023400000000000005
-0.004680000000000001
-0.0023400000000000005
-0.0037800000000000004
-0.007560000000000001
-0.0037800000000000004
-0.007560000000000001
-0.015120000000000001
-0.007560000000000001
-0.0037800000000000004
-0.007560000000000001
-0.0037800000000000004
-0.0057599999999999995
-0.011519999999999999
-0.0057599999999999995
-0.011519999999999999
-0.023039999999999998
-0.011519999999999999
-0.0057599999999999995
-0.011519999999999999
-0.0057599999999999995
-0.013499999999999998
-0.026999999999999996
-0.013499999999999998
-0.026999999999999996
-0.05399999999999999
-0.026999999999999996
-0.013499999999999998
-0.026999999999999996
-0.013499999999999998
-0.11375999999999999
-0.22751999999999997
-0.11375999999999999
-0.22751999999999997
-0.45503999999999994
-0.22751999999999997
-0.11375999999999999
-0.22751999999999997
-0.11375999999999999
-1.17432
-2.34864
-1.17432
-2.34864
-4.69728
-2.34864
-1.17432
-2.34864
-1.17432