99
-0.00216
-0.00432
-0.00216
-0.00432
-0.00864
-0.00432
-0.00216
-0.00432
-0.00216
-0.004680000000000001
-0.009360000000000002
-0.004680000000000001
-0.009360000000000002
-0.018720000000000004
-0.009360000000000002
-0.004680000000000001
-0.009360000000000002
-0.004680000000000001
-0.0057599999999999995
-0.011519999999999999
-0.0057599999999999995
-0.011519999999999999
-0.023039999999999998
-0.011519999999999999
-0.0057599999999999995
-0.011519999999999999
-0.0057599999999999995
-0.0045
-0.009
-0.0045
-0.009
-0.018
-0.009
-0.0045
-0.009
-0.0045
-0.0026999999999999997
-0.005399999999999999
-0.0026999999999999997
-0.005399999999999999
-0.010799999999999999
-0.005399999999999999
-0.0026999999999999997
-0.005399999999999999
-0.0026999999999999997
-0.0032400000000000003
-0.0064800000000000005
-0.0032400000000000003
-0.0064800000000000005
-0.012960000000000001
-0.0064800000000000005
-0.0032400000000000003
-0.0064800000000000005
-0.0032400000000000003
-0.00396
-0.00792
-0.00396
-0.00792
-0.01584
-0.00792
-0.00396
-0.00792
-0.00396
-0.004680000000000001
-0.009360000000000002
-0.004680000000000001
-0.009360000000000002
-0.018720000000000004
-0.009360000000000002
-0.004680000000000001
-0.009360000000000002
-0.004680000000000001
-0.006479999999999999
-0.012959999999999998
-0.006479999999999999
-0.012959999999999998
-0.025919999999999995
-0.012959999999999998
-0.006479999999999999
-0.012959999999999998
-0.006479999999999999
-0.00918
-0.01836
-0.00918
-0.01836
-0.03672
-0.01836
-0.00918
-0.01836
-0.00918
-0.06102000000000001
-0.12204000000000002
-0.06102000000000001
-0.12204000000000002
-0.24408000000000005
-0.12204000000000002
-0.06102000000000001
-0.12204000000000002
-0.06102000000000001