99
-0.004860000000000001
-0.009720000000000001
-0.004860000000000001
-0.009720000000000001
-0.019440000000000002
-0.009720000000000001
-0.004860000000000001
-0.009720000000000001
-0.004860000000000001
-0.01062
-0.02124
-0.01062
-0.02124
-0.04248
-0.02124
-0.01062
-0.02124
-0.01062
-0.013140000000000002
-0.026280000000000005
-0.013140000000000002
-0.026280000000000005
-0.05256000000000001
-0.026280000000000005
-0.013140000000000002
-0.026280000000000005
-0.013140000000000002
-0.010440000000000001
-0.020880000000000003
-0.010440000000000001
-0.020880000000000003
-0.041760000000000005
-0.020880000000000003
-0.010440000000000001
-0.020880000000000003
-0.010440000000000001
-0.0064800000000000005
-0.012960000000000001
-0.0064800000000000005
-0.012960000000000001
-0.025920000000000002
-0.012960000000000001
-0.0064800000000000005
-0.012960000000000001
-0.0064800000000000005
-0.007379999999999999
-0.014759999999999999
-0.007379999999999999
-0.014759999999999999
-0.029519999999999998
-0.014759999999999999
-0.007379999999999999
-0.014759999999999999
-0.007379999999999999
-0.00882
-0.01764
-0.00882
-0.01764
-0.03528
-0.01764
-0.00882
-0.01764
-0.00882
-0.01062
-0.02124
-0.01062
-0.02124
-0.04248
-0.02124
-0.01062
-0.02124
-0.01062
-0.01476
-0.02952
-0.01476
-0.02952
-0.05904
-0.02952
-0.01476
-0.02952
-0.01476
-0.01998
-0.03996
-0.01998
-0.03996
-0.07992
-0.03996
-0.01998
-0.03996
-0.01998
-0.13805999999999996
-0.2761199999999999
-0.13805999999999996
-0.2761199999999999
-0.5522399999999998
-0.2761199999999999
-0.13805999999999996
-0.2761199999999999
-0.13805999999999996