99
-0.0037800000000000004
-0.007560000000000001
-0.0037800000000000004
-0.007560000000000001
-0.015120000000000001
-0.007560000000000001
-0.0037800000000000004
-0.007560000000000001
-0.0037800000000000004
-0.008280000000000001
-0.016560000000000002
-0.008280000000000001
-0.016560000000000002
-0.033120000000000004
-0.016560000000000002
-0.008280000000000001
-0.016560000000000002
-0.008280000000000001
-0.01008
-0.02016
-0.01008
-0.02016
-0.04032
-0.02016
-0.01008
-0.02016
-0.01008
-0.00792
-0.01584
-0.00792
-0.01584
-0.03168
-0.01584
-0.00792
-0.01584
-0.00792
-0.004860000000000001
-0.009720000000000001
-0.004860000000000001
-0.009720000000000001
-0.019440000000000002
-0.009720000000000001
-0.004860000000000001
-0.009720000000000001
-0.004860000000000001
-0.00558
-0.01116
-0.00558
-0.01116
-0.02232
-0.01116
-0.00558
-0.01116
-0.00558
-0.006660000000000001
-0.013320000000000002
-0.006660000000000001
-0.013320000000000002
-0.026640000000000004
-0.013320000000000002
-0.006660000000000001
-0.013320000000000002
-0.006660000000000001
-0.00792
-0.01584
-0.00792
-0.01584
-0.03168
-0.01584
-0.00792
-0.01584
-0.00792
-0.01098
-0.02196
-0.01098
-0.02196
-0.04392
-0.02196
-0.01098
-0.02196
-0.01098
-0.015120000000000001
-0.030240000000000003
-0.015120000000000001
-0.030240000000000003
-0.060480000000000006
-0.030240000000000003
-0.015120000000000001
-0.030240000000000003
-0.015120000000000001
-0.10602000000000003
-0.21204000000000006
-0.10602000000000003
-0.21204000000000006
-0.4240800000000001
-0.21204000000000006
-0.10602000000000003
-0.21204000000000006
-0.10602000000000003