99
-0.00792
-0.01584
-0.00792
-0.01584
-0.03168
-0.01584
-0.00792
-0.01584
-0.00792
-0.01728
-0.03456
-0.01728
-0.03456
-0.06912
-0.03456
-0.01728
-0.03456
-0.01728
-0.02106
-0.04212
-0.02106
-0.04212
-0.08424
-0.04212
-0.02106
-0.04212
-0.02106
-0.016560000000000002
-0.033120000000000004
-0.016560000000000002
-0.033120000000000004
-0.06624000000000001
-0.033120000000000004
-0.016560000000000002
-0.033120000000000004
-0.016560000000000002
-0.01026
-0.02052
-0.01026
-0.02052
-0.04104
-0.02052
-0.01026
-0.02052
-0.01026
-0.012240000000000001
-0.024480000000000002
-0.012240000000000001
-0.024480000000000002
-0.048960000000000004
-0.024480000000000002
-0.012240000000000001
-0.024480000000000002
-0.012240000000000001
-0.01584
-0.03168
-0.01584
-0.03168
-0.06336
-0.03168
-0.01584
-0.03168
-0.01584
-0.02016
-0.04032
-0.02016
-0.04032
-0.08064
-0.04032
-0.02016
-0.04032
-0.02016
-0.028439999999999997
-0.05687999999999999
-0.028439999999999997
-0.05687999999999999
-0.11375999999999999
-0.05687999999999999
-0.028439999999999997
-0.05687999999999999
-0.028439999999999997
-0.039060000000000004
-0.07812000000000001
-0.039060000000000004
-0.07812000000000001
-0.15624000000000002
-0.07812000000000001
-0.039060000000000004
-0.07812000000000001
-0.039060000000000004
-0.23238
-0.46476
-0.23238
-0.46476
-0.92952
-0.46476
-0.23238
-0.46476
-0.23238