99
-0.00396
-0.00792
-0.00396
-0.00792
-0.01584
-0.00792
-0.00396
-0.00792
-0.00396
-0.00864
-0.01728
-0.00864
-0.01728
-0.03456
-0.01728
-0.00864
-0.01728
-0.00864
-0.01062
-0.02124
-0.01062
-0.02124
-0.04248
-0.02124
-0.01062
-0.02124
-0.01062
-0.008280000000000001
-0.016560000000000002
-0.008280000000000001
-0.016560000000000002
-0.033120000000000004
-0.016560000000000002
-0.008280000000000001
-0.016560000000000002
-0.008280000000000001
-0.005039999999999999
-0.010079999999999999
-0.005039999999999999
-0.010079999999999999
-0.020159999999999997
-0.010079999999999999
-0.005039999999999999
-0.010079999999999999
-0.005039999999999999
-0.00594
-0.01188
-0.00594
-0.01188
-0.02376
-0.01188
-0.00594
-0.01188
-0.00594
-0.007199999999999999
-0.014399999999999998
-0.007199999999999999
-0.014399999999999998
-0.028799999999999996
-0.014399999999999998
-0.007199999999999999
-0.014399999999999998
-0.007199999999999999
-0.009000000000000001
-0.018000000000000002
-0.009000000000000001
-0.018000000000000002
-0.036000000000000004
-0.018000000000000002
-0.009000000000000001
-0.018000000000000002
-0.009000000000000001
-0.013139999999999999
-0.026279999999999998
-0.013139999999999999
-0.026279999999999998
-0.052559999999999996
-0.026279999999999998
-0.013139999999999999
-0.026279999999999998
-0.013139999999999999
-0.018000000000000002
-0.036000000000000004
-0.018000000000000002
-0.036000000000000004
-0.07200000000000001
-0.036000000000000004
-0.018000000000000002
-0.036000000000000004
-0.018000000000000002
-0.11898
-0.23796
-0.11898
-0.23796
-0.47592
-0.23796
-0.11898
-0.23796
-0.11898