99
-0.004860000000000001
-0.009720000000000001
-0.004860000000000001
-0.009720000000000001
-0.019440000000000002
-0.009720000000000001
-0.004860000000000001
-0.009720000000000001
-0.004860000000000001
-0.01062
-0.02124
-0.01062
-0.02124
-0.04248
-0.02124
-0.01062
-0.02124
-0.01062
-0.012960000000000001
-0.025920000000000002
-0.012960000000000001
-0.025920000000000002
-0.051840000000000004
-0.025920000000000002
-0.012960000000000001
-0.025920000000000002
-0.012960000000000001
-0.01008
-0.02016
-0.01008
-0.02016
-0.04032
-0.02016
-0.01008
-0.02016
-0.01008
-0.006300000000000001
-0.012600000000000002
-0.006300000000000001
-0.012600000000000002
-0.025200000000000004
-0.012600000000000002
-0.006300000000000001
-0.012600000000000002
-0.006300000000000001
-0.007379999999999999
-0.014759999999999999
-0.007379999999999999
-0.014759999999999999
-0.029519999999999998
-0.014759999999999999
-0.007379999999999999
-0.014759999999999999
-0.007379999999999999
-0.00882
-0.01764
-0.00882
-0.01764
-0.03528
-0.01764
-0.00882
-0.01764
-0.00882
-0.010799999999999999
-0.021599999999999998
-0.010799999999999999
-0.021599999999999998
-0.043199999999999995
-0.021599999999999998
-0.010799999999999999
-0.021599999999999998
-0.010799999999999999
-0.01494
-0.02988
-0.01494
-0.02988
-0.05976
-0.02988
-0.01494
-0.02988
-0.01494
-0.02034
-0.04068
-0.02034
-0.04068
-0.08136
-0.04068
-0.02034
-0.04068
-0.02034
-0.14021999999999998
-0.28043999999999997
-0.14021999999999998
-0.28043999999999997
-0.5608799999999999
-0.28043999999999997
-0.14021999999999998
-0.28043999999999997
-0.14021999999999998