99
-0.006300000000000001
-0.012600000000000002
-0.006300000000000001
-0.012600000000000002
-0.025200000000000004
-0.012600000000000002
-0.006300000000000001
-0.012600000000000002
-0.006300000000000001
-0.013860000000000003
-0.027720000000000005
-0.013860000000000003
-0.027720000000000005
-0.05544000000000001
-0.027720000000000005
-0.013860000000000003
-0.027720000000000005
-0.013860000000000003
-0.01692
-0.03384
-0.01692
-0.03384
-0.06768
-0.03384
-0.01692
-0.03384
-0.01692
-0.013139999999999999
-0.026279999999999998
-0.013139999999999999
-0.026279999999999998
-0.052559999999999996
-0.026279999999999998
-0.013139999999999999
-0.026279999999999998
-0.013139999999999999
-0.008100000000000001
-0.016200000000000003
-0.008100000000000001
-0.016200000000000003
-0.032400000000000005
-0.016200000000000003
-0.008100000000000001
-0.016200000000000003
-0.008100000000000001
-0.009540000000000003
-0.019080000000000007
-0.009540000000000003
-0.019080000000000007
-0.03816000000000001
-0.019080000000000007
-0.009540000000000003
-0.019080000000000007
-0.009540000000000003
-0.011519999999999999
-0.023039999999999998
-0.011519999999999999
-0.023039999999999998
-0.046079999999999996
-0.023039999999999998
-0.011519999999999999
-0.023039999999999998
-0.011519999999999999
-0.013860000000000003
-0.027720000000000005
-0.013860000000000003
-0.027720000000000005
-0.05544000000000001
-0.027720000000000005
-0.013860000000000003
-0.027720000000000005
-0.013860000000000003
-0.019260000000000006
-0.03852000000000001
-0.019260000000000006
-0.03852000000000001
-0.07704000000000003
-0.03852000000000001
-0.019260000000000006
-0.03852000000000001
-0.019260000000000006
-0.026820000000000004
-0.05364000000000001
-0.026820000000000004
-0.05364000000000001
-0.10728000000000001
-0.05364000000000001
-0.026820000000000004
-0.05364000000000001
-0.026820000000000004
-0.18503999999999998
-0.37007999999999996
-0.18503999999999998
-0.37007999999999996
-0.7401599999999999
-0.37007999999999996
-0.18503999999999998
-0.37007999999999996
-0.18503999999999998