99
-0.0032399999999999994
-0.006479999999999999
-0.0032399999999999994
-0.006479999999999999
-0.012959999999999998
-0.006479999999999999
-0.0032399999999999994
-0.006479999999999999
-0.0032399999999999994
-0.007199999999999999
-0.014399999999999998
-0.007199999999999999
-0.014399999999999998
-0.028799999999999996
-0.014399999999999998
-0.007199999999999999
-0.014399999999999998
-0.007199999999999999
-0.00882
-0.01764
-0.00882
-0.01764
-0.03528
-0.01764
-0.00882
-0.01764
-0.00882
-0.00684
-0.01368
-0.00684
-0.01368
-0.02736
-0.01368
-0.00684
-0.01368
-0.00684
-0.00432
-0.00864
-0.00432
-0.00864
-0.01728
-0.00864
-0.00432
-0.00864
-0.00432
-0.005039999999999999
-0.010079999999999999
-0.005039999999999999
-0.010079999999999999
-0.020159999999999997
-0.010079999999999999
-0.005039999999999999
-0.010079999999999999
-0.005039999999999999
-0.00594
-0.01188
-0.00594
-0.01188
-0.02376
-0.01188
-0.00594
-0.01188
-0.00594
-0.007199999999999999
-0.014399999999999998
-0.007199999999999999
-0.014399999999999998
-0.028799999999999996
-0.014399999999999998
-0.007199999999999999
-0.014399999999999998
-0.007199999999999999
-0.01008
-0.02016
-0.01008
-0.02016
-0.04032
-0.02016
-0.01008
-0.02016
-0.01008
-0.014399999999999998
-0.028799999999999996
-0.014399999999999998
-0.028799999999999996
-0.05759999999999999
-0.028799999999999996
-0.014399999999999998
-0.028799999999999996
-0.014399999999999998
-0.09936000000000002
-0.19872000000000004
-0.09936000000000002
-0.19872000000000004
-0.39744000000000007
-0.19872000000000004
-0.09936000000000002
-0.19872000000000004
-0.09936000000000002