99
-0.00468
-0.00936
-0.00468
-0.00936
-0.01872
-0.00936
-0.00468
-0.00936
-0.00468
-0.01026
-0.02052
-0.01026
-0.02052
-0.04104
-0.02052
-0.01026
-0.02052
-0.01026
-0.012600000000000002
-0.025200000000000004
-0.012600000000000002
-0.025200000000000004
-0.05040000000000001
-0.025200000000000004
-0.012600000000000002
-0.025200000000000004
-0.012600000000000002
-0.0099
-0.0198
-0.0099
-0.0198
-0.0396
-0.0198
-0.0099
-0.0198
-0.0099
-0.0061200000000000004
-0.012240000000000001
-0.0061200000000000004
-0.012240000000000001
-0.024480000000000002
-0.012240000000000001
-0.0061200000000000004
-0.012240000000000001
-0.0061200000000000004
-0.007019999999999999
-0.014039999999999999
-0.007019999999999999
-0.014039999999999999
-0.028079999999999997
-0.014039999999999999
-0.007019999999999999
-0.014039999999999999
-0.007019999999999999
-0.00846
-0.01692
-0.00846
-0.01692
-0.03384
-0.01692
-0.00846
-0.01692
-0.00846
-0.01044
-0.02088
-0.01044
-0.02088
-0.04176
-0.02088
-0.01044
-0.02088
-0.01044
-0.01458
-0.02916
-0.01458
-0.02916
-0.05832
-0.02916
-0.01458
-0.02916
-0.01458
-0.02034
-0.04068
-0.02034
-0.04068
-0.08136
-0.04068
-0.02034
-0.04068
-0.02034
-0.14220000000000002
-0.28440000000000004
-0.14220000000000002
-0.28440000000000004
-0.5688000000000001
-0.28440000000000004
-0.14220000000000002
-0.28440000000000004
-0.14220000000000002