99
-0.00468
-0.00936
-0.00468
-0.00936
-0.01872
-0.00936
-0.00468
-0.00936
-0.00468
-0.01026
-0.02052
-0.01026
-0.02052
-0.04104
-0.02052
-0.01026
-0.02052
-0.01026
-0.012600000000000002
-0.025200000000000004
-0.012600000000000002
-0.025200000000000004
-0.05040000000000001
-0.025200000000000004
-0.012600000000000002
-0.025200000000000004
-0.012600000000000002
-0.0099
-0.0198
-0.0099
-0.0198
-0.0396
-0.0198
-0.0099
-0.0198
-0.0099
-0.006300000000000001
-0.012600000000000002
-0.006300000000000001
-0.012600000000000002
-0.025200000000000004
-0.012600000000000002
-0.006300000000000001
-0.012600000000000002
-0.006300000000000001
-0.007379999999999999
-0.014759999999999999
-0.007379999999999999
-0.014759999999999999
-0.029519999999999998
-0.014759999999999999
-0.007379999999999999
-0.014759999999999999
-0.007379999999999999
-0.00882
-0.01764
-0.00882
-0.01764
-0.03528
-0.01764
-0.00882
-0.01764
-0.00882
-0.01098
-0.02196
-0.01098
-0.02196
-0.04392
-0.02196
-0.01098
-0.02196
-0.01098
-0.015300000000000001
-0.030600000000000002
-0.015300000000000001
-0.030600000000000002
-0.061200000000000004
-0.030600000000000002
-0.015300000000000001
-0.030600000000000002
-0.015300000000000001
-0.020339999999999997
-0.040679999999999994
-0.020339999999999997
-0.040679999999999994
-0.08135999999999999
-0.040679999999999994
-0.020339999999999997
-0.040679999999999994
-0.020339999999999997
-0.14400000000000002
-0.28800000000000003
-0.14400000000000002
-0.28800000000000003
-0.5760000000000001
-0.28800000000000003
-0.14400000000000002
-0.28800000000000003
-0.14400000000000002