99
-0.00432
-0.00864
-0.00432
-0.00864
-0.01728
-0.00864
-0.00432
-0.00864
-0.00432
-0.009360000000000002
-0.018720000000000004
-0.009360000000000002
-0.018720000000000004
-0.03744000000000001
-0.018720000000000004
-0.009360000000000002
-0.018720000000000004
-0.009360000000000002
-0.01134
-0.02268
-0.01134
-0.02268
-0.04536
-0.02268
-0.01134
-0.02268
-0.01134
-0.009000000000000001
-0.018000000000000002
-0.009000000000000001
-0.018000000000000002
-0.036000000000000004
-0.018000000000000002
-0.009000000000000001
-0.018000000000000002
-0.009000000000000001
-0.0057599999999999995
-0.011519999999999999
-0.0057599999999999995
-0.011519999999999999
-0.023039999999999998
-0.011519999999999999
-0.0057599999999999995
-0.011519999999999999
-0.0057599999999999995
-0.006660000000000001
-0.013320000000000002
-0.006660000000000001
-0.013320000000000002
-0.026640000000000004
-0.013320000000000002
-0.006660000000000001
-0.013320000000000002
-0.006660000000000001
-0.008100000000000001
-0.016200000000000003
-0.008100000000000001
-0.016200000000000003
-0.032400000000000005
-0.016200000000000003
-0.008100000000000001
-0.016200000000000003
-0.008100000000000001
-0.0099
-0.0198
-0.0099
-0.0198
-0.0396
-0.0198
-0.0099
-0.0198
-0.0099
-0.013499999999999998
-0.026999999999999996
-0.013499999999999998
-0.026999999999999996
-0.05399999999999999
-0.026999999999999996
-0.013499999999999998
-0.026999999999999996
-0.013499999999999998
-0.01818
-0.03636
-0.01818
-0.03636
-0.07272
-0.03636
-0.01818
-0.03636
-0.01818
-0.13104000000000002
-0.26208000000000004
-0.13104000000000002
-0.26208000000000004
-0.5241600000000001
-0.26208000000000004
-0.13104000000000002
-0.26208000000000004
-0.13104000000000002