99
-0.0061200000000000004
-0.012240000000000001
-0.0061200000000000004
-0.012240000000000001
-0.024480000000000002
-0.012240000000000001
-0.0061200000000000004
-0.012240000000000001
-0.0061200000000000004
-0.013320000000000002
-0.026640000000000004
-0.013320000000000002
-0.026640000000000004
-0.05328000000000001
-0.026640000000000004
-0.013320000000000002
-0.026640000000000004
-0.013320000000000002
-0.016200000000000003
-0.032400000000000005
-0.016200000000000003
-0.032400000000000005
-0.06480000000000001
-0.032400000000000005
-0.016200000000000003
-0.032400000000000005
-0.016200000000000003
-0.012780000000000001
-0.025560000000000003
-0.012780000000000001
-0.025560000000000003
-0.051120000000000006
-0.025560000000000003
-0.012780000000000001
-0.025560000000000003
-0.012780000000000001
-0.008100000000000001
-0.016200000000000003
-0.008100000000000001
-0.016200000000000003
-0.032400000000000005
-0.016200000000000003
-0.008100000000000001
-0.016200000000000003
-0.008100000000000001
-0.009360000000000002
-0.018720000000000004
-0.009360000000000002
-0.018720000000000004
-0.03744000000000001
-0.018720000000000004
-0.009360000000000002
-0.018720000000000004
-0.009360000000000002
-0.01116
-0.02232
-0.01116
-0.02232
-0.04464
-0.02232
-0.01116
-0.02232
-0.01116
-0.013320000000000002
-0.026640000000000004
-0.013320000000000002
-0.026640000000000004
-0.05328000000000001
-0.026640000000000004
-0.013320000000000002
-0.026640000000000004
-0.013320000000000002
-0.01818
-0.03636
-0.01818
-0.03636
-0.07272
-0.03636
-0.01818
-0.03636
-0.01818
-0.024660000000000005
-0.04932000000000001
-0.024660000000000005
-0.04932000000000001
-0.09864000000000002
-0.04932000000000001
-0.024660000000000005
-0.04932000000000001
-0.024660000000000005
-0.18072
-0.36144
-0.18072
-0.36144
-0.72288
-0.36144
-0.18072
-0.36144
-0.18072