99
-0.00252
-0.00504
-0.00252
-0.00504
-0.01008
-0.00504
-0.00252
-0.00504
-0.00252
-0.005399999999999999
-0.010799999999999999
-0.005399999999999999
-0.010799999999999999
-0.021599999999999998
-0.010799999999999999
-0.005399999999999999
-0.010799999999999999
-0.005399999999999999
-0.0064800000000000005
-0.012960000000000001
-0.0064800000000000005
-0.012960000000000001
-0.025920000000000002
-0.012960000000000001
-0.0064800000000000005
-0.012960000000000001
-0.0064800000000000005
-0.00504
-0.01008
-0.00504
-0.01008
-0.02016
-0.01008
-0.00504
-0.01008
-0.00504
-0.0030600000000000002
-0.0061200000000000004
-0.0030600000000000002
-0.0061200000000000004
-0.012240000000000001
-0.0061200000000000004
-0.0030600000000000002
-0.0061200000000000004
-0.0030600000000000002
-0.0035999999999999995
-0.007199999999999999
-0.0035999999999999995
-0.007199999999999999
-0.014399999999999998
-0.007199999999999999
-0.0035999999999999995
-0.007199999999999999
-0.0035999999999999995
-0.00432
-0.00864
-0.00432
-0.00864
-0.01728
-0.00864
-0.00432
-0.00864
-0.00432
-0.00522
-0.01044
-0.00522
-0.01044
-0.02088
-0.01044
-0.00522
-0.01044
-0.00522
-0.00738
-0.01476
-0.00738
-0.01476
-0.02952
-0.01476
-0.00738
-0.01476
-0.00738
-0.01008
-0.02016
-0.01008
-0.02016
-0.04032
-0.02016
-0.01008
-0.02016
-0.01008
-0.07326
-0.14652
-0.07326
-0.14652
-0.29304
-0.14652
-0.07326
-0.14652
-0.07326