99
-0.006659999999999999
-0.013319999999999999
-0.006659999999999999
-0.013319999999999999
-0.026639999999999997
-0.013319999999999999
-0.006659999999999999
-0.013319999999999999
-0.006659999999999999
-0.014579999999999997
-0.029159999999999995
-0.014579999999999997
-0.029159999999999995
-0.05831999999999999
-0.029159999999999995
-0.014579999999999997
-0.029159999999999995
-0.014579999999999997
-0.017820000000000003
-0.035640000000000005
-0.017820000000000003
-0.035640000000000005
-0.07128000000000001
-0.035640000000000005
-0.017820000000000003
-0.035640000000000005
-0.017820000000000003
-0.013859999999999999
-0.027719999999999998
-0.013859999999999999
-0.027719999999999998
-0.055439999999999996
-0.027719999999999998
-0.013859999999999999
-0.027719999999999998
-0.013859999999999999
-0.00846
-0.01692
-0.00846
-0.01692
-0.03384
-0.01692
-0.00846
-0.01692
-0.00846
-0.0099
-0.0198
-0.0099
-0.0198
-0.0396
-0.0198
-0.0099
-0.0198
-0.0099
-0.012060000000000001
-0.024120000000000003
-0.012060000000000001
-0.024120000000000003
-0.048240000000000005
-0.024120000000000003
-0.012060000000000001
-0.024120000000000003
-0.012060000000000001
-0.014759999999999999
-0.029519999999999998
-0.014759999999999999
-0.029519999999999998
-0.059039999999999995
-0.029519999999999998
-0.014759999999999999
-0.029519999999999998
-0.014759999999999999
-0.020700000000000003
-0.041400000000000006
-0.020700000000000003
-0.041400000000000006
-0.08280000000000001
-0.041400000000000006
-0.020700000000000003
-0.041400000000000006
-0.020700000000000003
-0.02916
-0.05832
-0.02916
-0.05832
-0.11664
-0.05832
-0.02916
-0.05832
-0.02916
-0.20664000000000002
-0.41328000000000004
-0.20664000000000002
-0.41328000000000004
-0.8265600000000001
-0.41328000000000004
-0.20664000000000002
-0.41328000000000004
-0.20664000000000002