99
-0.0041400000000000005
-0.008280000000000001
-0.0041400000000000005
-0.008280000000000001
-0.016560000000000002
-0.008280000000000001
-0.0041400000000000005
-0.008280000000000001
-0.0041400000000000005
-0.009000000000000001
-0.018000000000000002
-0.009000000000000001
-0.018000000000000002
-0.036000000000000004
-0.018000000000000002
-0.009000000000000001
-0.018000000000000002
-0.009000000000000001
-0.01098
-0.02196
-0.01098
-0.02196
-0.04392
-0.02196
-0.01098
-0.02196
-0.01098
-0.00864
-0.01728
-0.00864
-0.01728
-0.03456
-0.01728
-0.00864
-0.01728
-0.00864
-0.005399999999999999
-0.010799999999999999
-0.005399999999999999
-0.010799999999999999
-0.021599999999999998
-0.010799999999999999
-0.005399999999999999
-0.010799999999999999
-0.005399999999999999
-0.006300000000000001
-0.012600000000000002
-0.006300000000000001
-0.012600000000000002
-0.025200000000000004
-0.012600000000000002
-0.006300000000000001
-0.012600000000000002
-0.006300000000000001
-0.007560000000000001
-0.015120000000000001
-0.007560000000000001
-0.015120000000000001
-0.030240000000000003
-0.015120000000000001
-0.007560000000000001
-0.015120000000000001
-0.007560000000000001
-0.009360000000000002
-0.018720000000000004
-0.009360000000000002
-0.018720000000000004
-0.03744000000000001
-0.018720000000000004
-0.009360000000000002
-0.018720000000000004
-0.009360000000000002
-0.013499999999999998
-0.026999999999999996
-0.013499999999999998
-0.026999999999999996
-0.05399999999999999
-0.026999999999999996
-0.013499999999999998
-0.026999999999999996
-0.013499999999999998
-0.018540000000000004
-0.03708000000000001
-0.018540000000000004
-0.03708000000000001
-0.07416000000000002
-0.03708000000000001
-0.018540000000000004
-0.03708000000000001
-0.018540000000000004
-0.13122000000000003
-0.26244000000000006
-0.13122000000000003
-0.26244000000000006
-0.5248800000000001
-0.26244000000000006
-0.13122000000000003
-0.26244000000000006
-0.13122000000000003