99
-0.00684
-0.01368
-0.00684
-0.01368
-0.02736
-0.01368
-0.00684
-0.01368
-0.00684
-0.015120000000000001
-0.030240000000000003
-0.015120000000000001
-0.030240000000000003
-0.060480000000000006
-0.030240000000000003
-0.015120000000000001
-0.030240000000000003
-0.015120000000000001
-0.018540000000000004
-0.03708000000000001
-0.018540000000000004
-0.03708000000000001
-0.07416000000000002
-0.03708000000000001
-0.018540000000000004
-0.03708000000000001
-0.018540000000000004
-0.01458
-0.02916
-0.01458
-0.02916
-0.05832
-0.02916
-0.01458
-0.02916
-0.01458
-0.009360000000000002
-0.018720000000000004
-0.009360000000000002
-0.018720000000000004
-0.03744000000000001
-0.018720000000000004
-0.009360000000000002
-0.018720000000000004
-0.009360000000000002
-0.01098
-0.02196
-0.01098
-0.02196
-0.04392
-0.02196
-0.01098
-0.02196
-0.01098
-0.013140000000000002
-0.026280000000000005
-0.013140000000000002
-0.026280000000000005
-0.05256000000000001
-0.026280000000000005
-0.013140000000000002
-0.026280000000000005
-0.013140000000000002
-0.016560000000000002
-0.033120000000000004
-0.016560000000000002
-0.033120000000000004
-0.06624000000000001
-0.033120000000000004
-0.016560000000000002
-0.033120000000000004
-0.016560000000000002
-0.02358
-0.04716
-0.02358
-0.04716
-0.09432
-0.04716
-0.02358
-0.04716
-0.02358
-0.03149999999999999
-0.06299999999999999
-0.03149999999999999
-0.06299999999999999
-0.12599999999999997
-0.06299999999999999
-0.03149999999999999
-0.06299999999999999
-0.03149999999999999
-0.22392
-0.44784
-0.22392
-0.44784
-0.89568
-0.44784
-0.22392
-0.44784
-0.22392