99
-0.00198
-0.00396
-0.00198
-0.00396
-0.00792
-0.00396
-0.00198
-0.00396
-0.00198
-0.00432
-0.00864
-0.00432
-0.00864
-0.01728
-0.00864
-0.00432
-0.00864
-0.00432
-0.005399999999999999
-0.010799999999999999
-0.005399999999999999
-0.010799999999999999
-0.021599999999999998
-0.010799999999999999
-0.005399999999999999
-0.010799999999999999
-0.005399999999999999
-0.00432
-0.00864
-0.00432
-0.00864
-0.01728
-0.00864
-0.00432
-0.00864
-0.00432
-0.0026999999999999997
-0.005399999999999999
-0.0026999999999999997
-0.005399999999999999
-0.010799999999999999
-0.005399999999999999
-0.0026999999999999997
-0.005399999999999999
-0.0026999999999999997
-0.0030600000000000002
-0.0061200000000000004
-0.0030600000000000002
-0.0061200000000000004
-0.012240000000000001
-0.0061200000000000004
-0.0030600000000000002
-0.0061200000000000004
-0.0030600000000000002
-0.0035999999999999995
-0.007199999999999999
-0.0035999999999999995
-0.007199999999999999
-0.014399999999999998
-0.007199999999999999
-0.0035999999999999995
-0.007199999999999999
-0.0035999999999999995
-0.00468
-0.00936
-0.00468
-0.00936
-0.01872
-0.00936
-0.00468
-0.00936
-0.00468
-0.006659999999999999
-0.013319999999999999
-0.006659999999999999
-0.013319999999999999
-0.026639999999999997
-0.013319999999999999
-0.006659999999999999
-0.013319999999999999
-0.006659999999999999
-0.00882
-0.01764
-0.00882
-0.01764
-0.03528
-0.01764
-0.00882
-0.01764
-0.00882
-0.06426000000000001
-0.12852000000000002
-0.06426000000000001
-0.12852000000000002
-0.25704000000000005
-0.12852000000000002
-0.06426000000000001
-0.12852000000000002
-0.06426000000000001