99
-0.00774
-0.01548
-0.00774
-0.01548
-0.03096
-0.01548
-0.00774
-0.01548
-0.00774
-0.0171
-0.0342
-0.0171
-0.0342
-0.0684
-0.0342
-0.0171
-0.0342
-0.0171
-0.02124
-0.04248
-0.02124
-0.04248
-0.08496
-0.04248
-0.02124
-0.04248
-0.02124
-0.01674
-0.03348
-0.01674
-0.03348
-0.06696
-0.03348
-0.01674
-0.03348
-0.01674
-0.01044
-0.02088
-0.01044
-0.02088
-0.04176
-0.02088
-0.01044
-0.02088
-0.01044
-0.012060000000000001
-0.024120000000000003
-0.012060000000000001
-0.024120000000000003
-0.048240000000000005
-0.024120000000000003
-0.012060000000000001
-0.024120000000000003
-0.012060000000000001
-0.014399999999999998
-0.028799999999999996
-0.014399999999999998
-0.028799999999999996
-0.05759999999999999
-0.028799999999999996
-0.014399999999999998
-0.028799999999999996
-0.014399999999999998
-0.01836
-0.03672
-0.01836
-0.03672
-0.07344
-0.03672
-0.01836
-0.03672
-0.01836
-0.025919999999999995
-0.05183999999999999
-0.025919999999999995
-0.05183999999999999
-0.10367999999999998
-0.05183999999999999
-0.025919999999999995
-0.05183999999999999
-0.025919999999999995
-0.0342
-0.0684
-0.0342
-0.0684
-0.1368
-0.0684
-0.0342
-0.0684
-0.0342
-0.24696000000000004
-0.4939200000000001
-0.24696000000000004
-0.4939200000000001
-0.9878400000000002
-0.4939200000000001
-0.24696000000000004
-0.4939200000000001
-0.24696000000000004