99
-0.00432
-0.00864
-0.00432
-0.00864
-0.01728
-0.00864
-0.00432
-0.00864
-0.00432
-0.009540000000000003
-0.019080000000000007
-0.009540000000000003
-0.019080000000000007
-0.03816000000000001
-0.019080000000000007
-0.009540000000000003
-0.019080000000000007
-0.009540000000000003
-0.0117
-0.0234
-0.0117
-0.0234
-0.0468
-0.0234
-0.0117
-0.0234
-0.0117
-0.009179999999999999
-0.018359999999999998
-0.009179999999999999
-0.018359999999999998
-0.036719999999999996
-0.018359999999999998
-0.009179999999999999
-0.018359999999999998
-0.009179999999999999
-0.0057599999999999995
-0.011519999999999999
-0.0057599999999999995
-0.011519999999999999
-0.023039999999999998
-0.011519999999999999
-0.0057599999999999995
-0.011519999999999999
-0.0057599999999999995
-0.006660000000000001
-0.013320000000000002
-0.006660000000000001
-0.013320000000000002
-0.026640000000000004
-0.013320000000000002
-0.006660000000000001
-0.013320000000000002
-0.006660000000000001
-0.008100000000000001
-0.016200000000000003
-0.008100000000000001
-0.016200000000000003
-0.032400000000000005
-0.016200000000000003
-0.008100000000000001
-0.016200000000000003
-0.008100000000000001
-0.0099
-0.0198
-0.0099
-0.0198
-0.0396
-0.0198
-0.0099
-0.0198
-0.0099
-0.01368
-0.02736
-0.01368
-0.02736
-0.05472
-0.02736
-0.01368
-0.02736
-0.01368
-0.018720000000000004
-0.03744000000000001
-0.018720000000000004
-0.03744000000000001
-0.07488000000000002
-0.03744000000000001
-0.018720000000000004
-0.03744000000000001
-0.018720000000000004
-0.13644
-0.27288
-0.13644
-0.27288
-0.54576
-0.27288
-0.13644
-0.27288
-0.13644