99
-0.00882
-0.01764
-0.00882
-0.01764
-0.03528
-0.01764
-0.00882
-0.01764
-0.00882
-0.019260000000000006
-0.03852000000000001
-0.019260000000000006
-0.03852000000000001
-0.07704000000000003
-0.03852000000000001
-0.019260000000000006
-0.03852000000000001
-0.019260000000000006
-0.02358
-0.04716
-0.02358
-0.04716
-0.09432
-0.04716
-0.02358
-0.04716
-0.02358
-0.01872
-0.03744
-0.01872
-0.03744
-0.07488
-0.03744
-0.01872
-0.03744
-0.01872
-0.01188
-0.02376
-0.01188
-0.02376
-0.04752
-0.02376
-0.01188
-0.02376
-0.01188
-0.013680000000000001
-0.027360000000000002
-0.013680000000000001
-0.027360000000000002
-0.054720000000000005
-0.027360000000000002
-0.013680000000000001
-0.027360000000000002
-0.013680000000000001
-0.016380000000000002
-0.032760000000000004
-0.016380000000000002
-0.032760000000000004
-0.06552000000000001
-0.032760000000000004
-0.016380000000000002
-0.032760000000000004
-0.016380000000000002
-0.02034
-0.04068
-0.02034
-0.04068
-0.08136
-0.04068
-0.02034
-0.04068
-0.02034
-0.028439999999999997
-0.05687999999999999
-0.028439999999999997
-0.05687999999999999
-0.11375999999999999
-0.05687999999999999
-0.028439999999999997
-0.05687999999999999
-0.028439999999999997
-0.03816000000000001
-0.07632000000000003
-0.03816000000000001
-0.07632000000000003
-0.15264000000000005
-0.07632000000000003
-0.03816000000000001
-0.07632000000000003
-0.03816000000000001
-0.27917999999999993
-0.5583599999999999
-0.27917999999999993
-0.5583599999999999
-1.1167199999999997
-0.5583599999999999
-0.27917999999999993
-0.5583599999999999
-0.27917999999999993