99
-0.0030600000000000002
-0.0061200000000000004
-0.0030600000000000002
-0.0061200000000000004
-0.012240000000000001
-0.0061200000000000004
-0.0030600000000000002
-0.0061200000000000004
-0.0030600000000000002
-0.006840000000000001
-0.013680000000000001
-0.006840000000000001
-0.013680000000000001
-0.027360000000000002
-0.013680000000000001
-0.006840000000000001
-0.013680000000000001
-0.006840000000000001
-0.00846
-0.01692
-0.00846
-0.01692
-0.03384
-0.01692
-0.00846
-0.01692
-0.00846
-0.006659999999999999
-0.013319999999999999
-0.006659999999999999
-0.013319999999999999
-0.026639999999999997
-0.013319999999999999
-0.006659999999999999
-0.013319999999999999
-0.006659999999999999
-0.0041400000000000005
-0.008280000000000001
-0.0041400000000000005
-0.008280000000000001
-0.016560000000000002
-0.008280000000000001
-0.0041400000000000005
-0.008280000000000001
-0.0041400000000000005
-0.004680000000000001
-0.009360000000000002
-0.004680000000000001
-0.009360000000000002
-0.018720000000000004
-0.009360000000000002
-0.004680000000000001
-0.009360000000000002
-0.004680000000000001
-0.00558
-0.01116
-0.00558
-0.01116
-0.02232
-0.01116
-0.00558
-0.01116
-0.00558
-0.006840000000000001
-0.013680000000000001
-0.006840000000000001
-0.013680000000000001
-0.027360000000000002
-0.013680000000000001
-0.006840000000000001
-0.013680000000000001
-0.006840000000000001
-0.009540000000000003
-0.019080000000000007
-0.009540000000000003
-0.019080000000000007
-0.03816000000000001
-0.019080000000000007
-0.009540000000000003
-0.019080000000000007
-0.009540000000000003
-0.012780000000000001
-0.025560000000000003
-0.012780000000000001
-0.025560000000000003
-0.051120000000000006
-0.025560000000000003
-0.012780000000000001
-0.025560000000000003
-0.012780000000000001
-0.09738000000000001
-0.19476000000000002
-0.09738000000000001
-0.19476000000000002
-0.38952000000000003
-0.19476000000000002
-0.09738000000000001
-0.19476000000000002
-0.09738000000000001