99
-0.0045000000000000005
-0.009000000000000001
-0.0045000000000000005
-0.009000000000000001
-0.018000000000000002
-0.009000000000000001
-0.0045000000000000005
-0.009000000000000001
-0.0045000000000000005
-0.0099
-0.0198
-0.0099
-0.0198
-0.0396
-0.0198
-0.0099
-0.0198
-0.0099
-0.012060000000000001
-0.024120000000000003
-0.012060000000000001
-0.024120000000000003
-0.048240000000000005
-0.024120000000000003
-0.012060000000000001
-0.024120000000000003
-0.012060000000000001
-0.00936
-0.01872
-0.00936
-0.01872
-0.03744
-0.01872
-0.00936
-0.01872
-0.00936
-0.0057599999999999995
-0.011519999999999999
-0.0057599999999999995
-0.011519999999999999
-0.023039999999999998
-0.011519999999999999
-0.0057599999999999995
-0.011519999999999999
-0.0057599999999999995
-0.006660000000000001
-0.013320000000000002
-0.006660000000000001
-0.013320000000000002
-0.026640000000000004
-0.013320000000000002
-0.006660000000000001
-0.013320000000000002
-0.006660000000000001
-0.00792
-0.01584
-0.00792
-0.01584
-0.03168
-0.01584
-0.00792
-0.01584
-0.00792
-0.009540000000000003
-0.019080000000000007
-0.009540000000000003
-0.019080000000000007
-0.03816000000000001
-0.019080000000000007
-0.009540000000000003
-0.019080000000000007
-0.009540000000000003
-0.013319999999999999
-0.026639999999999997
-0.013319999999999999
-0.026639999999999997
-0.053279999999999994
-0.026639999999999997
-0.013319999999999999
-0.026639999999999997
-0.013319999999999999
-0.01818
-0.03636
-0.01818
-0.03636
-0.07272
-0.03636
-0.01818
-0.03636
-0.01818
-0.13824
-0.27648
-0.13824
-0.27648
-0.55296
-0.27648
-0.13824
-0.27648
-0.13824