99
-0.009000000000000001
-0.018000000000000002
-0.009000000000000001
-0.018000000000000002
-0.036000000000000004
-0.018000000000000002
-0.009000000000000001
-0.018000000000000002
-0.009000000000000001
-0.019620000000000002
-0.039240000000000004
-0.019620000000000002
-0.039240000000000004
-0.07848000000000001
-0.039240000000000004
-0.019620000000000002
-0.039240000000000004
-0.019620000000000002
-0.02376
-0.04752
-0.02376
-0.04752
-0.09504
-0.04752
-0.02376
-0.04752
-0.02376
-0.018539999999999997
-0.037079999999999995
-0.018539999999999997
-0.037079999999999995
-0.07415999999999999
-0.037079999999999995
-0.018539999999999997
-0.037079999999999995
-0.018539999999999997
-0.011519999999999999
-0.023039999999999998
-0.011519999999999999
-0.023039999999999998
-0.046079999999999996
-0.023039999999999998
-0.011519999999999999
-0.023039999999999998
-0.011519999999999999
-0.013320000000000002
-0.026640000000000004
-0.013320000000000002
-0.026640000000000004
-0.05328000000000001
-0.026640000000000004
-0.013320000000000002
-0.026640000000000004
-0.013320000000000002
-0.01602
-0.03204
-0.01602
-0.03204
-0.06408
-0.03204
-0.01602
-0.03204
-0.01602
-0.019260000000000006
-0.03852000000000001
-0.019260000000000006
-0.03852000000000001
-0.07704000000000003
-0.03852000000000001
-0.019260000000000006
-0.03852000000000001
-0.019260000000000006
-0.026639999999999997
-0.053279999999999994
-0.026639999999999997
-0.053279999999999994
-0.10655999999999999
-0.053279999999999994
-0.026639999999999997
-0.053279999999999994
-0.026639999999999997
-0.03618
-0.07236
-0.03618
-0.07236
-0.14472
-0.07236
-0.03618
-0.07236
-0.03618
-0.27485999999999994
-0.5497199999999999
-0.27485999999999994
-0.5497199999999999
-1.0994399999999998
-0.5497199999999999
-0.27485999999999994
-0.5497199999999999
-0.27485999999999994