99
-0.01098
-0.02196
-0.01098
-0.02196
-0.04392
-0.02196
-0.01098
-0.02196
-0.01098
-0.024120000000000003
-0.048240000000000005
-0.024120000000000003
-0.048240000000000005
-0.09648000000000001
-0.048240000000000005
-0.024120000000000003
-0.048240000000000005
-0.024120000000000003
-0.029519999999999998
-0.059039999999999995
-0.029519999999999998
-0.059039999999999995
-0.11807999999999999
-0.059039999999999995
-0.029519999999999998
-0.059039999999999995
-0.029519999999999998
-0.023039999999999998
-0.046079999999999996
-0.023039999999999998
-0.046079999999999996
-0.09215999999999999
-0.046079999999999996
-0.023039999999999998
-0.046079999999999996
-0.023039999999999998
-0.014759999999999999
-0.029519999999999998
-0.014759999999999999
-0.029519999999999998
-0.059039999999999995
-0.029519999999999998
-0.014759999999999999
-0.029519999999999998
-0.014759999999999999
-0.018540000000000004
-0.03708000000000001
-0.018540000000000004
-0.03708000000000001
-0.07416000000000002
-0.03708000000000001
-0.018540000000000004
-0.03708000000000001
-0.018540000000000004
-0.023219999999999998
-0.046439999999999995
-0.023219999999999998
-0.046439999999999995
-0.09287999999999999
-0.046439999999999995
-0.023219999999999998
-0.046439999999999995
-0.023219999999999998
-0.028439999999999993
-0.056879999999999986
-0.028439999999999993
-0.056879999999999986
-0.11375999999999997
-0.056879999999999986
-0.028439999999999993
-0.056879999999999986
-0.028439999999999993
-0.04032
-0.08064
-0.04032
-0.08064
-0.16128
-0.08064
-0.04032
-0.08064
-0.04032
-0.0567
-0.1134
-0.0567
-0.1134
-0.2268
-0.1134
-0.0567
-0.1134
-0.0567
-0.33335999999999993
-0.6667199999999999
-0.33335999999999993
-0.6667199999999999
-1.3334399999999997
-0.6667199999999999
-0.33335999999999993
-0.6667199999999999
-0.33335999999999993