         1  0.000000000000000E+000  0.000000000000000E+000  0.000000000000000E+000
         2  1.000000000000000E+000  0.000000000000000E+000  0.000000000000000E+000
         3  2.000000000000000E+000  0.000000000000000E+000  0.000000000000000E+000
         4  0.000000000000000E+000  1.000000000000000E+000  0.000000000000000E+000
         5  1.000000000000000E+000  1.000000000000000E+000  0.000000000000000E+000
         6  2.000000000000000E+000  1.000000000000000E+000  0.000000000000000E+000
         7  0.000000000000000E+000  2.000000000000000E+000  0.000000000000000E+000
         8  1.000000000000000E+000  2.000000000000000E+000  0.000000000000000E+000
         9  2.000000000000000E+000  2.000000000000000E+000  0.000000000000000E+000
        10  0.000000000000000E+000  0.000000000000000E+000  5.000000000000000E-001
        11  1.000000000000000E+000  0.000000000000000E+000  5.000000000000000E-001
        12  2.000000000000000E+000  0.000000000000000E+000  5.000000000000000E-001
        13  0.000000000000000E+000  1.000000000000000E+000  5.000000000000000E-001
        14  1.000000000000000E+000  1.000000000000000E+000  5.000000000000000E-001
        15  2.000000000000000E+000  1.000000000000000E+000  5.000000000000000E-001
        16  0.000000000000000E+000  2.000000000000000E+000  5.000000000000000E-001
        17  1.000000000000000E+000  2.000000000000000E+000  5.000000000000000E-001
        18  2.000000000000000E+000  2.000000000000000E+000  5.000000000000000E-001
        19  0.000000000000000E+000  0.000000000000000E+000  1.000000000000000E+000
        20  1.000000000000000E+000  0.000000000000000E+000  1.000000000000000E+000
        21  2.000000000000000E+000  0.000000000000000E+000  1.000000000000000E+000
        22  0.000000000000000E+000  1.000000000000000E+000  1.000000000000000E+000
        23  1.000000000000000E+000  1.000000000000000E+000  1.000000000000000E+000
        24  2.000000000000000E+000  1.000000000000000E+000  1.000000000000000E+000
        25  0.000000000000000E+000  2.000000000000000E+000  1.000000000000000E+000
        26  1.000000000000000E+000  2.000000000000000E+000  1.000000000000000E+000
        27  2.000000000000000E+000  2.000000000000000E+000  1.000000000000000E+000
        28  0.000000000000000E+000  0.000000000000000E+000  1.500000000000000E+000
        29  1.000000000000000E+000  0.000000000000000E+000  1.500000000000000E+000
        30  2.000000000000000E+000  0.000000000000000E+000  1.500000000000000E+000
        31  0.000000000000000E+000  1.000000000000000E+000  1.500000000000000E+000
        32  1.000000000000000E+000  1.000000000000000E+000  1.500000000000000E+000
        33  2.000000000000000E+000  1.000000000000000E+000  1.500000000000000E+000
        34  0.000000000000000E+000  2.000000000000000E+000  1.500000000000000E+000
        35  1.000000000000000E+000  2.000000000000000E+000  1.500000000000000E+000
        36  2.000000000000000E+000  2.000000000000000E+000  1.500000000000000E+000
        37  0.000000000000000E+000  0.000000000000000E+000  1.800000000000000E+000
        38  1.000000000000000E+000  0.000000000000000E+000  1.800000000000000E+000
        39  2.000000000000000E+000  0.000000000000000E+000  1.800000000000000E+000
        40  0.000000000000000E+000  1.000000000000000E+000  1.800000000000000E+000
        41  1.000000000000000E+000  1.000000000000000E+000  1.800000000000000E+000
        42  2.000000000000000E+000  1.000000000000000E+000  1.800000000000000E+000
        43  0.000000000000000E+000  2.000000000000000E+000  1.800000000000000E+000
        44  1.000000000000000E+000  2.000000000000000E+000  1.800000000000000E+000
        45  2.000000000000000E+000  2.000000000000000E+000  1.800000000000000E+000
        46  0.000000000000000E+000  0.000000000000000E+000  2.100000000000000E+000
        47  1.000000000000000E+000  0.000000000000000E+000  2.100000000000000E+000
        48  2.000000000000000E+000  0.000000000000000E+000  2.100000000000000E+000
        49  0.000000000000000E+000  1.000000000000000E+000  2.100000000000000E+000
        50  1.000000000000000E+000  1.000000000000000E+000  2.100000000000000E+000
        51  2.000000000000000E+000  1.000000000000000E+000  2.100000000000000E+000
        52  0.000000000000000E+000  2.000000000000000E+000  2.100000000000000E+000
        53  1.000000000000000E+000  2.000000000000000E+000  2.100000000000000E+000
        54  2.000000000000000E+000  2.000000000000000E+000  2.100000000000000E+000
        55  0.000000000000000E+000  0.000000000000000E+000  2.250000000000000E+000
        56  1.000000000000000E+000  0.000000000000000E+000  2.250000000000000E+000
        57  2.000000000000000E+000  0.000000000000000E+000  2.250000000000000E+000
        58  0.000000000000000E+000  1.000000000000000E+000  2.250000000000000E+000
        59  1.000000000000000E+000  1.000000000000000E+000  2.250000000000000E+000
        60  2.000000000000000E+000  1.000000000000000E+000  2.250000000000000E+000
        61  0.000000000000000E+000  2.000000000000000E+000  2.250000000000000E+000
        62  1.000000000000000E+000  2.000000000000000E+000  2.250000000000000E+000
        63  2.000000000000000E+000  2.000000000000000E+000  2.250000000000000E+000
        64  0.000000000000000E+000  0.000000000000000E+000  2.400000000000000E+000
        65  1.000000000000000E+000  0.000000000000000E+000  2.400000000000000E+000
        66  2.000000000000000E+000  0.000000000000000E+000  2.400000000000000E+000
        67  0.000000000000000E+000  1.000000000000000E+000  2.400000000000000E+000
        68  1.000000000000000E+000  1.000000000000000E+000  2.400000000000000E+000
        69  2.000000000000000E+000  1.000000000000000E+000  2.400000000000000E+000
        70  0.000000000000000E+000  2.000000000000000E+000  2.400000000000000E+000
        71  1.000000000000000E+000  2.000000000000000E+000  2.400000000000000E+000
        72  2.000000000000000E+000  2.000000000000000E+000  2.400000000000000E+000
        73  0.000000000000000E+000  0.000000000000000E+000  2.550000000000000E+000
        74  1.000000000000000E+000  0.000000000000000E+000  2.550000000000000E+000
        75  2.000000000000000E+000  0.000000000000000E+000  2.550000000000000E+000
        76  0.000000000000000E+000  1.000000000000000E+000  2.550000000000000E+000
        77  1.000000000000000E+000  1.000000000000000E+000  2.550000000000000E+000
        78  2.000000000000000E+000  1.000000000000000E+000  2.550000000000000E+000
        79  0.000000000000000E+000  2.000000000000000E+000  2.550000000000000E+000
        80  1.000000000000000E+000  2.000000000000000E+000  2.550000000000000E+000
        81  2.000000000000000E+000  2.000000000000000E+000  2.550000000000000E+000
        82  0.000000000000000E+000  0.000000000000000E+000  2.700000000000000E+000
        83  1.000000000000000E+000  0.000000000000000E+000  2.700000000000000E+000
        84  2.000000000000000E+000  0.000000000000000E+000  2.700000000000000E+000
        85  0.000000000000000E+000  1.000000000000000E+000  2.700000000000000E+000
        86  1.000000000000000E+000  1.000000000000000E+000  2.700000000000000E+000
        87  2.000000000000000E+000  1.000000000000000E+000  2.700000000000000E+000
        88  0.000000000000000E+000  2.000000000000000E+000  2.700000000000000E+000
        89  1.000000000000000E+000  2.000000000000000E+000  2.700000000000000E+000
        90  2.000000000000000E+000  2.000000000000000E+000  2.700000000000000E+000
        91  0.000000000000000E+000  0.000000000000000E+000  2.850000000000000E+000
        92  1.000000000000000E+000  0.000000000000000E+000  2.850000000000000E+000
        93  2.000000000000000E+000  0.000000000000000E+000  2.850000000000000E+000
        94  0.000000000000000E+000  1.000000000000000E+000  2.850000000000000E+000
        95  1.000000000000000E+000  1.000000000000000E+000  2.850000000000000E+000
        96  2.000000000000000E+000  1.000000000000000E+000  2.850000000000000E+000
        97  0.000000000000000E+000  2.000000000000000E+000  2.850000000000000E+000
        98  1.000000000000000E+000  2.000000000000000E+000  2.850000000000000E+000
        99  2.000000000000000E+000  2.000000000000000E+000  2.850000000000000E+000
       100  0.000000000000000E+000  0.000000000000000E+000  2.950000000000000E+000
       101  1.000000000000000E+000  0.000000000000000E+000  2.950000000000000E+000
       102  2.000000000000000E+000  0.000000000000000E+000  2.950000000000000E+000
       103  0.000000000000000E+000  1.000000000000000E+000  2.950000000000000E+000
       104  1.000000000000000E+000  1.000000000000000E+000  2.950000000000000E+000
       105  2.000000000000000E+000  1.000000000000000E+000  2.950000000000000E+000
       106  0.000000000000000E+000  2.000000000000000E+000  2.950000000000000E+000
       107  1.000000000000000E+000  2.000000000000000E+000  2.950000000000000E+000
       108  2.000000000000000E+000  2.000000000000000E+000  2.950000000000000E+000
       109  0.000000000000000E+000  0.000000000000000E+000  3.000000000000000E+000
       110  1.000000000000000E+000  0.000000000000000E+000  3.000000000000000E+000
       111  2.000000000000000E+000  0.000000000000000E+000  3.000000000000000E+000
       112  0.000000000000000E+000  1.000000000000000E+000  3.000000000000000E+000
       113  1.000000000000000E+000  1.000000000000000E+000  3.000000000000000E+000
       114  2.000000000000000E+000  1.000000000000000E+000  3.000000000000000E+000
       115  0.000000000000000E+000  2.000000000000000E+000  3.000000000000000E+000
       116  1.000000000000000E+000  2.000000000000000E+000  3.000000000000000E+000
       117  2.000000000000000E+000  2.000000000000000E+000  3.000000000000000E+000
