90
-0.00035999999999999997
-0.0007199999999999999
-0.00035999999999999997
-0.0007199999999999999
-0.0014399999999999999
-0.0007199999999999999
-0.00035999999999999997
-0.0007199999999999999
-0.00035999999999999997
-0.0008999999999999999
-0.0017999999999999997
-0.0008999999999999999
-0.0017999999999999997
-0.0035999999999999995
-0.0017999999999999997
-0.0008999999999999999
-0.0017999999999999997
-0.0008999999999999999
-0.0008999999999999999
-0.0017999999999999997
-0.0008999999999999999
-0.0017999999999999997
-0.0035999999999999995
-0.0017999999999999997
-0.0008999999999999999
-0.0017999999999999997
-0.0008999999999999999
-0.0007199999999999999
-0.0014399999999999999
-0.0007199999999999999
-0.0014399999999999999
-0.0028799999999999997
-0.0014399999999999999
-0.0007199999999999999
-0.0014399999999999999
-0.0007199999999999999
-0.0008999999999999999
-0.0017999999999999997
-0.0008999999999999999
-0.0017999999999999997
-0.0035999999999999995
-0.0017999999999999997
-0.0008999999999999999
-0.0017999999999999997
-0.0008999999999999999
-0.0014399999999999999
-0.0028799999999999997
-0.0014399999999999999
-0.0028799999999999997
-0.0057599999999999995
-0.0028799999999999997
-0.0014399999999999999
-0.0028799999999999997
-0.0014399999999999999
-0.0035999999999999995
-0.007199999999999999
-0.0035999999999999995
-0.007199999999999999
-0.014399999999999998
-0.007199999999999999
-0.0035999999999999995
-0.007199999999999999
-0.0035999999999999995
-0.012780000000000001
-0.025560000000000003
-0.012780000000000001
-0.025560000000000003
-0.051120000000000006
-0.025560000000000003
-0.012780000000000001
-0.025560000000000003
-0.012780000000000001
-0.06894
-0.13788
-0.06894
-0.13788
-0.27576
-0.13788
-0.06894
-0.13788
-0.06894
-0.05886000000000001
-0.11772000000000002
-0.05886000000000001
-0.11772000000000002
-0.23544000000000004
-0.11772000000000002
-0.05886000000000001
-0.11772000000000002
-0.05886000000000001
