90
-0.0756
-0.1512
-0.0756
-0.1512
-0.3024
-0.1512
-0.0756
-0.1512
-0.0756
-0.1575
-0.315
-0.1575
-0.315
-0.63
-0.315
-0.1575
-0.315
-0.1575
-0.1134
-0.2268
-0.1134
-0.2268
-0.4536
-0.2268
-0.1134
-0.2268
-0.1134
-0.06155999999999999
-0.12311999999999998
-0.06155999999999999
-0.12311999999999998
-0.24623999999999996
-0.12311999999999998
-0.06155999999999999
-0.12311999999999998
-0.06155999999999999
-0.06299999999999999
-0.12599999999999997
-0.06299999999999999
-0.12599999999999997
-0.25199999999999995
-0.12599999999999997
-0.06299999999999999
-0.12599999999999997
-0.06299999999999999
-0.06803999999999999
-0.13607999999999998
-0.06803999999999999
-0.13607999999999998
-0.27215999999999996
-0.13607999999999998
-0.06803999999999999
-0.13607999999999998
-0.06803999999999999
-0.08982
-0.17964
-0.08982
-0.17964
-0.35928
-0.17964
-0.08982
-0.17964
-0.08982
-0.15425999999999998
-0.30851999999999996
-0.15425999999999998
-0.30851999999999996
-0.6170399999999999
-0.30851999999999996
-0.15425999999999998
-0.30851999999999996
-0.15425999999999998
-0.5749200000000001
-1.1498400000000002
-0.5749200000000001
-1.1498400000000002
-2.2996800000000004
-1.1498400000000002
-0.5749200000000001
-1.1498400000000002
-0.5749200000000001
-0.47537999999999997
-0.9507599999999999
-0.47537999999999997
-0.9507599999999999
-1.9015199999999999
-0.9507599999999999
-0.47537999999999997
-0.9507599999999999
-0.47537999999999997
