90
-0.00035999999999999997
-0.0007199999999999999
-0.00035999999999999997
-0.0007199999999999999
-0.0014399999999999999
-0.0007199999999999999
-0.00035999999999999997
-0.0007199999999999999
-0.00035999999999999997
-0.0008999999999999999
-0.0017999999999999997
-0.0008999999999999999
-0.0017999999999999997
-0.0035999999999999995
-0.0017999999999999997
-0.0008999999999999999
-0.0017999999999999997
-0.0008999999999999999
-0.00108
-0.00216
-0.00108
-0.00216
-0.00432
-0.00216
-0.00108
-0.00216
-0.00108
-0.00108
-0.00216
-0.00108
-0.00216
-0.00432
-0.00216
-0.00108
-0.00216
-0.00108
-0.0016200000000000001
-0.0032400000000000003
-0.0016200000000000001
-0.0032400000000000003
-0.0064800000000000005
-0.0032400000000000003
-0.0016200000000000001
-0.0032400000000000003
-0.0016200000000000001
-0.0030600000000000002
-0.0061200000000000004
-0.0030600000000000002
-0.0061200000000000004
-0.012240000000000001
-0.0061200000000000004
-0.0030600000000000002
-0.0061200000000000004
-0.0030600000000000002
-0.00846
-0.01692
-0.00846
-0.01692
-0.03384
-0.01692
-0.00846
-0.01692
-0.00846
-0.025379999999999996
-0.05075999999999999
-0.025379999999999996
-0.05075999999999999
-0.10151999999999999
-0.05075999999999999
-0.025379999999999996
-0.05075999999999999
-0.025379999999999996
-0.10548
-0.21096
-0.10548
-0.21096
-0.42192
-0.21096
-0.10548
-0.21096
-0.10548
-0.08658
-0.17316
-0.08658
-0.17316
-0.34632
-0.17316
-0.08658
-0.17316
-0.08658
