90
-0.00035999999999999997
-0.0007199999999999999
-0.00035999999999999997
-0.0007199999999999999
-0.0014399999999999999
-0.0007199999999999999
-0.00035999999999999997
-0.0007199999999999999
-0.00035999999999999997
-0.0008999999999999999
-0.0017999999999999997
-0.0008999999999999999
-0.0017999999999999997
-0.0035999999999999995
-0.0017999999999999997
-0.0008999999999999999
-0.0017999999999999997
-0.0008999999999999999
-0.00108
-0.00216
-0.00108
-0.00216
-0.00432
-0.00216
-0.00108
-0.00216
-0.00108
-0.00108
-0.00216
-0.00108
-0.00216
-0.00432
-0.00216
-0.00108
-0.00216
-0.00108
-0.0016200000000000001
-0.0032400000000000003
-0.0016200000000000001
-0.0032400000000000003
-0.0064800000000000005
-0.0032400000000000003
-0.0016200000000000001
-0.0032400000000000003
-0.0016200000000000001
-0.0030600000000000002
-0.0061200000000000004
-0.0030600000000000002
-0.0061200000000000004
-0.012240000000000001
-0.0061200000000000004
-0.0030600000000000002
-0.0061200000000000004
-0.0030600000000000002
-0.00846
-0.01692
-0.00846
-0.01692
-0.03384
-0.01692
-0.00846
-0.01692
-0.00846
-0.024839999999999997
-0.049679999999999995
-0.024839999999999997
-0.049679999999999995
-0.09935999999999999
-0.049679999999999995
-0.024839999999999997
-0.049679999999999995
-0.024839999999999997
-0.12329999999999998
-0.24659999999999996
-0.12329999999999998
-0.24659999999999996
-0.4931999999999999
-0.24659999999999996
-0.12329999999999998
-0.24659999999999996
-0.12329999999999998
-0.10493999999999999
-0.20987999999999998
-0.10493999999999999
-0.20987999999999998
-0.41975999999999997
-0.20987999999999998
-0.10493999999999999
-0.20987999999999998
-0.10493999999999999
