90
-0.00035999999999999997
-0.0007199999999999999
-0.00035999999999999997
-0.0007199999999999999
-0.0014399999999999999
-0.0007199999999999999
-0.00035999999999999997
-0.0007199999999999999
-0.00035999999999999997
-0.0008999999999999999
-0.0017999999999999997
-0.0008999999999999999
-0.0017999999999999997
-0.0035999999999999995
-0.0017999999999999997
-0.0008999999999999999
-0.0017999999999999997
-0.0008999999999999999
-0.00108
-0.00216
-0.00108
-0.00216
-0.00432
-0.00216
-0.00108
-0.00216
-0.00108
-0.00108
-0.00216
-0.00108
-0.00216
-0.00432
-0.00216
-0.00108
-0.00216
-0.00108
-0.0016200000000000001
-0.0032400000000000003
-0.0016200000000000001
-0.0032400000000000003
-0.0064800000000000005
-0.0032400000000000003
-0.0016200000000000001
-0.0032400000000000003
-0.0016200000000000001
-0.0030600000000000002
-0.0061200000000000004
-0.0030600000000000002
-0.0061200000000000004
-0.012240000000000001
-0.0061200000000000004
-0.0030600000000000002
-0.0061200000000000004
-0.0030600000000000002
-0.00846
-0.01692
-0.00846
-0.01692
-0.03384
-0.01692
-0.00846
-0.01692
-0.00846
-0.024660000000000005
-0.04932000000000001
-0.024660000000000005
-0.04932000000000001
-0.09864000000000002
-0.04932000000000001
-0.024660000000000005
-0.04932000000000001
-0.024660000000000005
-0.11772000000000002
-0.23544000000000004
-0.11772000000000002
-0.23544000000000004
-0.4708800000000001
-0.23544000000000004
-0.11772000000000002
-0.23544000000000004
-0.11772000000000002
-0.09954000000000002
-0.19908000000000003
-0.09954000000000002
-0.19908000000000003
-0.39816000000000007
-0.19908000000000003
-0.09954000000000002
-0.19908000000000003
-0.09954000000000002
