90
-0.05418
-0.10836
-0.05418
-0.10836
-0.21672
-0.10836
-0.05418
-0.10836
-0.05418
-0.11879999999999999
-0.23759999999999998
-0.11879999999999999
-0.23759999999999998
-0.47519999999999996
-0.23759999999999998
-0.11879999999999999
-0.23759999999999998
-0.11879999999999999
-0.10277999999999998
-0.20555999999999996
-0.10277999999999998
-0.20555999999999996
-0.41111999999999993
-0.20555999999999996
-0.10277999999999998
-0.20555999999999996
-0.10277999999999998
-0.07614
-0.15228
-0.07614
-0.15228
-0.30456
-0.15228
-0.07614
-0.15228
-0.07614
-0.08316
-0.16632
-0.08316
-0.16632
-0.33264
-0.16632
-0.08316
-0.16632
-0.08316
-0.10313999999999998
-0.20627999999999996
-0.10313999999999998
-0.20627999999999996
-0.4125599999999999
-0.20627999999999996
-0.10313999999999998
-0.20627999999999996
-0.10313999999999998
-0.15156
-0.30312
-0.15156
-0.30312
-0.60624
-0.30312
-0.15156
-0.30312
-0.15156
-0.19601999999999997
-0.39203999999999994
-0.19601999999999997
-0.39203999999999994
-0.7840799999999999
-0.39203999999999994
-0.19601999999999997
-0.39203999999999994
-0.19601999999999997
-0.23759999999999998
-0.47519999999999996
-0.23759999999999998
-0.47519999999999996
-0.9503999999999999
-0.47519999999999996
-0.23759999999999998
-0.47519999999999996
-0.23759999999999998
-0.13518
-0.27036
-0.13518
-0.27036
-0.54072
-0.27036
-0.13518
-0.27036
-0.13518
