90
-0.00035999999999999997
-0.0007199999999999999
-0.00035999999999999997
-0.0007199999999999999
-0.0014399999999999999
-0.0007199999999999999
-0.00035999999999999997
-0.0007199999999999999
-0.00035999999999999997
-0.0008999999999999999
-0.0017999999999999997
-0.0008999999999999999
-0.0017999999999999997
-0.0035999999999999995
-0.0017999999999999997
-0.0008999999999999999
-0.0017999999999999997
-0.0008999999999999999
-0.00108
-0.00216
-0.00108
-0.00216
-0.00432
-0.00216
-0.00108
-0.00216
-0.00108
-0.00108
-0.00216
-0.00108
-0.00216
-0.00432
-0.00216
-0.00108
-0.00216
-0.00108
-0.0016200000000000001
-0.0032400000000000003
-0.0016200000000000001
-0.0032400000000000003
-0.0064800000000000005
-0.0032400000000000003
-0.0016200000000000001
-0.0032400000000000003
-0.0016200000000000001
-0.0030600000000000002
-0.0061200000000000004
-0.0030600000000000002
-0.0061200000000000004
-0.012240000000000001
-0.0061200000000000004
-0.0030600000000000002
-0.0061200000000000004
-0.0030600000000000002
-0.008532
-0.017064
-0.008532
-0.017064
-0.034128
-0.017064
-0.008532
-0.017064
-0.008532
-0.037008
-0.074016
-0.037008
-0.074016
-0.148032
-0.074016
-0.037008
-0.074016
-0.037008
-0.14511600000000002
-0.29023200000000005
-0.14511600000000002
-0.29023200000000005
-0.5804640000000001
-0.29023200000000005
-0.14511600000000002
-0.29023200000000005
-0.14511600000000002
-0.11466
-0.22932
-0.11466
-0.22932
-0.45864
-0.22932
-0.11466
-0.22932
-0.11466
