90
-0.00035999999999999997
-0.0007199999999999999
-0.00035999999999999997
-0.0007199999999999999
-0.0014399999999999999
-0.0007199999999999999
-0.00035999999999999997
-0.0007199999999999999
-0.00035999999999999997
-0.0008999999999999999
-0.0017999999999999997
-0.0008999999999999999
-0.0017999999999999997
-0.0035999999999999995
-0.0017999999999999997
-0.0008999999999999999
-0.0017999999999999997
-0.0008999999999999999
-0.00108
-0.00216
-0.00108
-0.00216
-0.00432
-0.00216
-0.00108
-0.00216
-0.00108
-0.00108
-0.00216
-0.00108
-0.00216
-0.00432
-0.00216
-0.00108
-0.00216
-0.00108
-0.0016200000000000001
-0.0032400000000000003
-0.0016200000000000001
-0.0032400000000000003
-0.0064800000000000005
-0.0032400000000000003
-0.0016200000000000001
-0.0032400000000000003
-0.0016200000000000001
-0.0030600000000000002
-0.0061200000000000004
-0.0030600000000000002
-0.0061200000000000004
-0.012240000000000001
-0.0061200000000000004
-0.0030600000000000002
-0.0061200000000000004
-0.0030600000000000002
-0.009252
-0.018504
-0.009252
-0.018504
-0.037008
-0.018504
-0.009252
-0.018504
-0.009252
-0.04779
-0.09558
-0.04779
-0.09558
-0.19116
-0.09558
-0.04779
-0.09558
-0.04779
-0.157266
-0.314532
-0.157266
-0.314532
-0.629064
-0.314532
-0.157266
-0.314532
-0.157266
-0.11674799999999999
-0.23349599999999998
-0.11674799999999999
-0.23349599999999998
-0.46699199999999996
-0.23349599999999998
-0.11674799999999999
-0.23349599999999998
-0.11674799999999999
