90
-0.00035999999999999997
-0.0007199999999999999
-0.00035999999999999997
-0.0007199999999999999
-0.0014399999999999999
-0.0007199999999999999
-0.00035999999999999997
-0.0007199999999999999
-0.00035999999999999997
-0.0008999999999999999
-0.0017999999999999997
-0.0008999999999999999
-0.0017999999999999997
-0.0035999999999999995
-0.0017999999999999997
-0.0008999999999999999
-0.0017999999999999997
-0.0008999999999999999
-0.00108
-0.00216
-0.00108
-0.00216
-0.00432
-0.00216
-0.00108
-0.00216
-0.00108
-0.00108
-0.00216
-0.00108
-0.00216
-0.00432
-0.00216
-0.00108
-0.00216
-0.00108
-0.0016200000000000001
-0.0032400000000000003
-0.0016200000000000001
-0.0032400000000000003
-0.0064800000000000005
-0.0032400000000000003
-0.0016200000000000001
-0.0032400000000000003
-0.0016200000000000001
-0.0030600000000000002
-0.0061200000000000004
-0.0030600000000000002
-0.0061200000000000004
-0.012240000000000001
-0.0061200000000000004
-0.0030600000000000002
-0.0061200000000000004
-0.0030600000000000002
-0.01179
-0.02358
-0.01179
-0.02358
-0.04716
-0.02358
-0.01179
-0.02358
-0.01179
-0.05038199999999999
-0.10076399999999998
-0.05038199999999999
-0.10076399999999998
-0.20152799999999996
-0.10076399999999998
-0.05038199999999999
-0.10076399999999998
-0.05038199999999999
-0.16887599999999997
-0.33775199999999994
-0.16887599999999997
-0.33775199999999994
-0.6755039999999999
-0.33775199999999994
-0.16887599999999997
-0.33775199999999994
-0.16887599999999997
-0.128304
-0.256608
-0.128304
-0.256608
-0.513216
-0.256608
-0.128304
-0.256608
-0.128304
