90
-0.00035999999999999997
-0.0007199999999999999
-0.00035999999999999997
-0.0007199999999999999
-0.0014399999999999999
-0.0007199999999999999
-0.00035999999999999997
-0.0007199999999999999
-0.00035999999999999997
-0.0008999999999999999
-0.0017999999999999997
-0.0008999999999999999
-0.0017999999999999997
-0.0035999999999999995
-0.0017999999999999997
-0.0008999999999999999
-0.0017999999999999997
-0.0008999999999999999
-0.00108
-0.00216
-0.00108
-0.00216
-0.00432
-0.00216
-0.00108
-0.00216
-0.00108
-0.00108
-0.00216
-0.00108
-0.00216
-0.00432
-0.00216
-0.00108
-0.00216
-0.00108
-0.0016200000000000001
-0.0032400000000000003
-0.0016200000000000001
-0.0032400000000000003
-0.0064800000000000005
-0.0032400000000000003
-0.0016200000000000001
-0.0032400000000000003
-0.0016200000000000001
-0.0030600000000000002
-0.0061200000000000004
-0.0030600000000000002
-0.0061200000000000004
-0.012240000000000001
-0.0061200000000000004
-0.0030600000000000002
-0.0061200000000000004
-0.0030600000000000002
-0.013302
-0.026604
-0.013302
-0.026604
-0.053208
-0.026604
-0.013302
-0.026604
-0.013302
-0.053982
-0.107964
-0.053982
-0.107964
-0.215928
-0.107964
-0.053982
-0.107964
-0.053982
-0.16144199999999997
-0.32288399999999995
-0.16144199999999997
-0.32288399999999995
-0.6457679999999999
-0.32288399999999995
-0.16144199999999997
-0.32288399999999995
-0.16144199999999997
-0.11878199999999998
-0.23756399999999997
-0.11878199999999998
-0.23756399999999997
-0.47512799999999994
-0.23756399999999997
-0.11878199999999998
-0.23756399999999997
-0.11878199999999998
