90
-0.00035999999999999997
-0.0007199999999999999
-0.00035999999999999997
-0.0007199999999999999
-0.0014399999999999999
-0.0007199999999999999
-0.00035999999999999997
-0.0007199999999999999
-0.00035999999999999997
-0.0008999999999999999
-0.0017999999999999997
-0.0008999999999999999
-0.0017999999999999997
-0.0035999999999999995
-0.0017999999999999997
-0.0008999999999999999
-0.0017999999999999997
-0.0008999999999999999
-0.00108
-0.00216
-0.00108
-0.00216
-0.00432
-0.00216
-0.00108
-0.00216
-0.00108
-0.00108
-0.00216
-0.00108
-0.00216
-0.00432
-0.00216
-0.00108
-0.00216
-0.00108
-0.0016200000000000001
-0.0032400000000000003
-0.0016200000000000001
-0.0032400000000000003
-0.0064800000000000005
-0.0032400000000000003
-0.0016200000000000001
-0.0032400000000000003
-0.0016200000000000001
-0.0030600000000000002
-0.0061200000000000004
-0.0030600000000000002
-0.0061200000000000004
-0.012240000000000001
-0.0061200000000000004
-0.0030600000000000002
-0.0061200000000000004
-0.0030600000000000002
-0.016056
-0.032112
-0.016056
-0.032112
-0.064224
-0.032112
-0.016056
-0.032112
-0.016056
-0.062243999999999994
-0.12448799999999999
-0.062243999999999994
-0.12448799999999999
-0.24897599999999998
-0.12448799999999999
-0.062243999999999994
-0.12448799999999999
-0.062243999999999994
-0.15546600000000005
-0.3109320000000001
-0.15546600000000005
-0.3109320000000001
-0.6218640000000002
-0.3109320000000001
-0.15546600000000005
-0.3109320000000001
-0.15546600000000005
-0.10729800000000002
-0.21459600000000004
-0.10729800000000002
-0.21459600000000004
-0.4291920000000001
-0.21459600000000004
-0.10729800000000002
-0.21459600000000004
-0.10729800000000002
