90
-0.00035999999999999997
-0.0007199999999999999
-0.00035999999999999997
-0.0007199999999999999
-0.0014399999999999999
-0.0007199999999999999
-0.00035999999999999997
-0.0007199999999999999
-0.00035999999999999997
-0.0008999999999999999
-0.0017999999999999997
-0.0008999999999999999
-0.0017999999999999997
-0.0035999999999999995
-0.0017999999999999997
-0.0008999999999999999
-0.0017999999999999997
-0.0008999999999999999
-0.00108
-0.00216
-0.00108
-0.00216
-0.00432
-0.00216
-0.00108
-0.00216
-0.00108
-0.00108
-0.00216
-0.00108
-0.00216
-0.00432
-0.00216
-0.00108
-0.00216
-0.00108
-0.0016200000000000001
-0.0032400000000000003
-0.0016200000000000001
-0.0032400000000000003
-0.0064800000000000005
-0.0032400000000000003
-0.0016200000000000001
-0.0032400000000000003
-0.0016200000000000001
-0.0030600000000000002
-0.0061200000000000004
-0.0030600000000000002
-0.0061200000000000004
-0.012240000000000001
-0.0061200000000000004
-0.0030600000000000002
-0.0061200000000000004
-0.0030600000000000002
-0.020610000000000003
-0.04122000000000001
-0.020610000000000003
-0.04122000000000001
-0.08244000000000001
-0.04122000000000001
-0.020610000000000003
-0.04122000000000001
-0.020610000000000003
-0.075654
-0.151308
-0.075654
-0.151308
-0.302616
-0.151308
-0.075654
-0.151308
-0.075654
-0.149076
-0.298152
-0.149076
-0.298152
-0.596304
-0.298152
-0.149076
-0.298152
-0.149076
-0.092052
-0.184104
-0.092052
-0.184104
-0.368208
-0.184104
-0.092052
-0.184104
-0.092052
