90
-0.00035999999999999997
-0.0007199999999999999
-0.00035999999999999997
-0.0007199999999999999
-0.0014399999999999999
-0.0007199999999999999
-0.00035999999999999997
-0.0007199999999999999
-0.00035999999999999997
-0.0008999999999999999
-0.0017999999999999997
-0.0008999999999999999
-0.0017999999999999997
-0.0035999999999999995
-0.0017999999999999997
-0.0008999999999999999
-0.0017999999999999997
-0.0008999999999999999
-0.00108
-0.00216
-0.00108
-0.00216
-0.00432
-0.00216
-0.00108
-0.00216
-0.00108
-0.00108
-0.00216
-0.00108
-0.00216
-0.00432
-0.00216
-0.00108
-0.00216
-0.00108
-0.0016200000000000001
-0.0032400000000000003
-0.0016200000000000001
-0.0032400000000000003
-0.0064800000000000005
-0.0032400000000000003
-0.0016200000000000001
-0.0032400000000000003
-0.0016200000000000001
-0.0032040000000000003
-0.0064080000000000005
-0.0032040000000000003
-0.0064080000000000005
-0.012816000000000001
-0.0064080000000000005
-0.0032040000000000003
-0.0064080000000000005
-0.0032040000000000003
-0.022283999999999998
-0.044567999999999997
-0.022283999999999998
-0.044567999999999997
-0.08913599999999999
-0.044567999999999997
-0.022283999999999998
-0.044567999999999997
-0.022283999999999998
-0.06757200000000001
-0.13514400000000001
-0.06757200000000001
-0.13514400000000001
-0.27028800000000003
-0.13514400000000001
-0.06757200000000001
-0.13514400000000001
-0.06757200000000001
-0.12063600000000001
-0.24127200000000001
-0.12063600000000001
-0.24127200000000001
-0.48254400000000003
-0.24127200000000001
-0.12063600000000001
-0.24127200000000001
-0.12063600000000001
-0.073224
-0.146448
-0.073224
-0.146448
-0.292896
-0.146448
-0.073224
-0.146448
-0.073224
