90
-0.00035999999999999997
-0.0007199999999999999
-0.00035999999999999997
-0.0007199999999999999
-0.0014399999999999999
-0.0007199999999999999
-0.00035999999999999997
-0.0007199999999999999
-0.00035999999999999997
-0.0008999999999999999
-0.0017999999999999997
-0.0008999999999999999
-0.0017999999999999997
-0.0035999999999999995
-0.0017999999999999997
-0.0008999999999999999
-0.0017999999999999997
-0.0008999999999999999
-0.00108
-0.00216
-0.00108
-0.00216
-0.00432
-0.00216
-0.00108
-0.00216
-0.00108
-0.00108
-0.00216
-0.00108
-0.00216
-0.00432
-0.00216
-0.00108
-0.00216
-0.00108
-0.0016200000000000001
-0.0032400000000000003
-0.0016200000000000001
-0.0032400000000000003
-0.0064800000000000005
-0.0032400000000000003
-0.0016200000000000001
-0.0032400000000000003
-0.0016200000000000001
-0.00342
-0.00684
-0.00342
-0.00684
-0.01368
-0.00684
-0.00342
-0.00684
-0.00342
-0.023652000000000003
-0.047304000000000006
-0.023652000000000003
-0.047304000000000006
-0.09460800000000001
-0.047304000000000006
-0.023652000000000003
-0.047304000000000006
-0.023652000000000003
-0.06867
-0.13734
-0.06867
-0.13734
-0.27468
-0.13734
-0.06867
-0.13734
-0.06867
-0.11599200000000001
-0.23198400000000002
-0.11599200000000001
-0.23198400000000002
-0.46396800000000005
-0.23198400000000002
-0.11599200000000001
-0.23198400000000002
-0.11599200000000001
-0.06863400000000001
-0.13726800000000003
-0.06863400000000001
-0.13726800000000003
-0.27453600000000006
-0.13726800000000003
-0.06863400000000001
-0.13726800000000003
-0.06863400000000001
