90
-0.00035999999999999997
-0.0007199999999999999
-0.00035999999999999997
-0.0007199999999999999
-0.0014399999999999999
-0.0007199999999999999
-0.00035999999999999997
-0.0007199999999999999
-0.00035999999999999997
-0.0008999999999999999
-0.0017999999999999997
-0.0008999999999999999
-0.0017999999999999997
-0.0035999999999999995
-0.0017999999999999997
-0.0008999999999999999
-0.0017999999999999997
-0.0008999999999999999
-0.00108
-0.00216
-0.00108
-0.00216
-0.00432
-0.00216
-0.00108
-0.00216
-0.00108
-0.00108
-0.00216
-0.00108
-0.00216
-0.00432
-0.00216
-0.00108
-0.00216
-0.00108
-0.0016200000000000001
-0.0032400000000000003
-0.0016200000000000001
-0.0032400000000000003
-0.0064800000000000005
-0.0032400000000000003
-0.0016200000000000001
-0.0032400000000000003
-0.0016200000000000001
-0.003744
-0.007488
-0.003744
-0.007488
-0.014976
-0.007488
-0.003744
-0.007488
-0.003744
-0.024444
-0.048888
-0.024444
-0.048888
-0.097776
-0.048888
-0.024444
-0.048888
-0.024444
-0.067878
-0.135756
-0.067878
-0.135756
-0.271512
-0.135756
-0.067878
-0.135756
-0.067878
-0.12421799999999998
-0.24843599999999996
-0.12421799999999998
-0.24843599999999996
-0.4968719999999999
-0.24843599999999996
-0.12421799999999998
-0.24843599999999996
-0.12421799999999998
-0.07812000000000001
-0.15624000000000002
-0.07812000000000001
-0.15624000000000002
-0.31248000000000004
-0.15624000000000002
-0.07812000000000001
-0.15624000000000002
-0.07812000000000001
