90
-0.00035999999999999997
-0.0007199999999999999
-0.00035999999999999997
-0.0007199999999999999
-0.0014399999999999999
-0.0007199999999999999
-0.00035999999999999997
-0.0007199999999999999
-0.00035999999999999997
-0.0008999999999999999
-0.0017999999999999997
-0.0008999999999999999
-0.0017999999999999997
-0.0035999999999999995
-0.0017999999999999997
-0.0008999999999999999
-0.0017999999999999997
-0.0008999999999999999
-0.00108
-0.00216
-0.00108
-0.00216
-0.00432
-0.00216
-0.00108
-0.00216
-0.00108
-0.00108
-0.00216
-0.00108
-0.00216
-0.00432
-0.00216
-0.00108
-0.00216
-0.00108
-0.0016200000000000001
-0.0032400000000000003
-0.0016200000000000001
-0.0032400000000000003
-0.0064800000000000005
-0.0032400000000000003
-0.0016200000000000001
-0.0032400000000000003
-0.0016200000000000001
-0.0045179999999999994
-0.009035999999999999
-0.0045179999999999994
-0.009035999999999999
-0.018071999999999998
-0.009035999999999999
-0.0045179999999999994
-0.009035999999999999
-0.0045179999999999994
-0.030401999999999995
-0.06080399999999999
-0.030401999999999995
-0.06080399999999999
-0.12160799999999998
-0.06080399999999999
-0.030401999999999995
-0.06080399999999999
-0.030401999999999995
-0.081594
-0.163188
-0.081594
-0.163188
-0.326376
-0.163188
-0.081594
-0.163188
-0.081594
-0.14356799999999997
-0.28713599999999995
-0.14356799999999997
-0.28713599999999995
-0.5742719999999999
-0.28713599999999995
-0.14356799999999997
-0.28713599999999995
-0.14356799999999997
-0.088938
-0.177876
-0.088938
-0.177876
-0.355752
-0.177876
-0.088938
-0.177876
-0.088938
