90
-0.00035999999999999997
-0.0007199999999999999
-0.00035999999999999997
-0.0007199999999999999
-0.0014399999999999999
-0.0007199999999999999
-0.00035999999999999997
-0.0007199999999999999
-0.00035999999999999997
-0.0008999999999999999
-0.0017999999999999997
-0.0008999999999999999
-0.0017999999999999997
-0.0035999999999999995
-0.0017999999999999997
-0.0008999999999999999
-0.0017999999999999997
-0.0008999999999999999
-0.00108
-0.00216
-0.00108
-0.00216
-0.00432
-0.00216
-0.00108
-0.00216
-0.00108
-0.00108
-0.00216
-0.00108
-0.00216
-0.00432
-0.00216
-0.00108
-0.00216
-0.00108
-0.0016200000000000001
-0.0032400000000000003
-0.0016200000000000001
-0.0032400000000000003
-0.0064800000000000005
-0.0032400000000000003
-0.0016200000000000001
-0.0032400000000000003
-0.0016200000000000001
-0.0056879999999999995
-0.011375999999999999
-0.0056879999999999995
-0.011375999999999999
-0.022751999999999998
-0.011375999999999999
-0.0056879999999999995
-0.011375999999999999
-0.0056879999999999995
-0.034434000000000006
-0.06886800000000001
-0.034434000000000006
-0.06886800000000001
-0.13773600000000003
-0.06886800000000001
-0.034434000000000006
-0.06886800000000001
-0.034434000000000006
-0.086868
-0.173736
-0.086868
-0.173736
-0.347472
-0.173736
-0.086868
-0.173736
-0.086868
-0.140544
-0.281088
-0.140544
-0.281088
-0.562176
-0.281088
-0.140544
-0.281088
-0.140544
-0.083502
-0.167004
-0.083502
-0.167004
-0.334008
-0.167004
-0.083502
-0.167004
-0.083502
