90
-0.00035999999999999997
-0.0007199999999999999
-0.00035999999999999997
-0.0007199999999999999
-0.0014399999999999999
-0.0007199999999999999
-0.00035999999999999997
-0.0007199999999999999
-0.00035999999999999997
-0.0008999999999999999
-0.0017999999999999997
-0.0008999999999999999
-0.0017999999999999997
-0.0035999999999999995
-0.0017999999999999997
-0.0008999999999999999
-0.0017999999999999997
-0.0008999999999999999
-0.00108
-0.00216
-0.00108
-0.00216
-0.00432
-0.00216
-0.00108
-0.00216
-0.00108
-0.00108
-0.00216
-0.00108
-0.00216
-0.00432
-0.00216
-0.00108
-0.00216
-0.00108
-0.0016200000000000001
-0.0032400000000000003
-0.0016200000000000001
-0.0032400000000000003
-0.0064800000000000005
-0.0032400000000000003
-0.0016200000000000001
-0.0032400000000000003
-0.0016200000000000001
-0.006264
-0.012528
-0.006264
-0.012528
-0.025056
-0.012528
-0.006264
-0.012528
-0.006264
-0.03187799999999999
-0.06375599999999998
-0.03187799999999999
-0.06375599999999998
-0.12751199999999996
-0.06375599999999998
-0.03187799999999999
-0.06375599999999998
-0.03187799999999999
-0.07578
-0.15156
-0.07578
-0.15156
-0.30312
-0.15156
-0.07578
-0.15156
-0.07578
-0.135234
-0.270468
-0.135234
-0.270468
-0.540936
-0.270468
-0.135234
-0.270468
-0.135234
-0.086148
-0.172296
-0.086148
-0.172296
-0.344592
-0.172296
-0.086148
-0.172296
-0.086148
