90
-0.00035999999999999997
-0.0007199999999999999
-0.00035999999999999997
-0.0007199999999999999
-0.0014399999999999999
-0.0007199999999999999
-0.00035999999999999997
-0.0007199999999999999
-0.00035999999999999997
-0.0008999999999999999
-0.0017999999999999997
-0.0008999999999999999
-0.0017999999999999997
-0.0035999999999999995
-0.0017999999999999997
-0.0008999999999999999
-0.0017999999999999997
-0.0008999999999999999
-0.00108
-0.00216
-0.00108
-0.00216
-0.00432
-0.00216
-0.00108
-0.00216
-0.00108
-0.00108
-0.00216
-0.00108
-0.00216
-0.00432
-0.00216
-0.00108
-0.00216
-0.00108
-0.0016200000000000001
-0.0032400000000000003
-0.0016200000000000001
-0.0032400000000000003
-0.0064800000000000005
-0.0032400000000000003
-0.0016200000000000001
-0.0032400000000000003
-0.0016200000000000001
-0.008477999999999998
-0.016955999999999995
-0.008477999999999998
-0.016955999999999995
-0.03391199999999999
-0.016955999999999995
-0.008477999999999998
-0.016955999999999995
-0.008477999999999998
-0.041616
-0.083232
-0.041616
-0.083232
-0.166464
-0.083232
-0.041616
-0.083232
-0.041616
-0.09439199999999999
-0.18878399999999998
-0.09439199999999999
-0.18878399999999998
-0.37756799999999996
-0.18878399999999998
-0.09439199999999999
-0.18878399999999998
-0.09439199999999999
-0.16128000000000003
-0.32256000000000007
-0.16128000000000003
-0.32256000000000007
-0.6451200000000001
-0.32256000000000007
-0.16128000000000003
-0.32256000000000007
-0.16128000000000003
-0.10110600000000003
-0.20221200000000006
-0.10110600000000003
-0.20221200000000006
-0.4044240000000001
-0.20221200000000006
-0.10110600000000003
-0.20221200000000006
-0.10110600000000003
