90
-0.00035999999999999997
-0.0007199999999999999
-0.00035999999999999997
-0.0007199999999999999
-0.0014399999999999999
-0.0007199999999999999
-0.00035999999999999997
-0.0007199999999999999
-0.00035999999999999997
-0.0008999999999999999
-0.0017999999999999997
-0.0008999999999999999
-0.0017999999999999997
-0.0035999999999999995
-0.0017999999999999997
-0.0008999999999999999
-0.0017999999999999997
-0.0008999999999999999
-0.00108
-0.00216
-0.00108
-0.00216
-0.00432
-0.00216
-0.00108
-0.00216
-0.00108
-0.00108
-0.00216
-0.00108
-0.00216
-0.00432
-0.00216
-0.00108
-0.00216
-0.00108
-0.0016200000000000001
-0.0032400000000000003
-0.0016200000000000001
-0.0032400000000000003
-0.0064800000000000005
-0.0032400000000000003
-0.0016200000000000001
-0.0032400000000000003
-0.0016200000000000001
-0.008027999999999999
-0.016055999999999997
-0.008027999999999999
-0.016055999999999997
-0.032111999999999995
-0.016055999999999997
-0.008027999999999999
-0.016055999999999997
-0.008027999999999999
-0.03355199999999999
-0.06710399999999998
-0.03355199999999999
-0.06710399999999998
-0.13420799999999997
-0.06710399999999998
-0.03355199999999999
-0.06710399999999998
-0.03355199999999999
-0.07264799999999999
-0.14529599999999998
-0.07264799999999999
-0.14529599999999998
-0.29059199999999996
-0.14529599999999998
-0.07264799999999999
-0.14529599999999998
-0.07264799999999999
-0.162054
-0.324108
-0.162054
-0.324108
-0.648216
-0.324108
-0.162054
-0.324108
-0.162054
-0.11601
-0.23202
-0.11601
-0.23202
-0.46404
-0.23202
-0.11601
-0.23202
-0.11601
