90
-0.00035999999999999997
-0.0007199999999999999
-0.00035999999999999997
-0.0007199999999999999
-0.0014399999999999999
-0.0007199999999999999
-0.00035999999999999997
-0.0007199999999999999
-0.00035999999999999997
-0.0008999999999999999
-0.0017999999999999997
-0.0008999999999999999
-0.0017999999999999997
-0.0035999999999999995
-0.0017999999999999997
-0.0008999999999999999
-0.0017999999999999997
-0.0008999999999999999
-0.00108
-0.00216
-0.00108
-0.00216
-0.00432
-0.00216
-0.00108
-0.00216
-0.00108
-0.00108
-0.00216
-0.00108
-0.00216
-0.00432
-0.00216
-0.00108
-0.00216
-0.00108
-0.0016200000000000001
-0.0032400000000000003
-0.0016200000000000001
-0.0032400000000000003
-0.0064800000000000005
-0.0032400000000000003
-0.0016200000000000001
-0.0032400000000000003
-0.0016200000000000001
-0.009198
-0.018396
-0.009198
-0.018396
-0.036792
-0.018396
-0.009198
-0.018396
-0.009198
-0.035622
-0.071244
-0.035622
-0.071244
-0.142488
-0.071244
-0.035622
-0.071244
-0.035622
-0.07372799999999999
-0.14745599999999998
-0.07372799999999999
-0.14745599999999998
-0.29491199999999995
-0.14745599999999998
-0.07372799999999999
-0.14745599999999998
-0.07372799999999999
-0.169344
-0.338688
-0.169344
-0.338688
-0.677376
-0.338688
-0.169344
-0.338688
-0.169344
-0.12312000000000001
-0.24624000000000001
-0.12312000000000001
-0.24624000000000001
-0.49248000000000003
-0.24624000000000001
-0.12312000000000001
-0.24624000000000001
-0.12312000000000001
