90
-0.00035999999999999997
-0.0007199999999999999
-0.00035999999999999997
-0.0007199999999999999
-0.0014399999999999999
-0.0007199999999999999
-0.00035999999999999997
-0.0007199999999999999
-0.00035999999999999997
-0.0008999999999999999
-0.0017999999999999997
-0.0008999999999999999
-0.0017999999999999997
-0.0035999999999999995
-0.0017999999999999997
-0.0008999999999999999
-0.0017999999999999997
-0.0008999999999999999
-0.00108
-0.00216
-0.00108
-0.00216
-0.00432
-0.00216
-0.00108
-0.00216
-0.00108
-0.00108
-0.00216
-0.00108
-0.00216
-0.00432
-0.00216
-0.00108
-0.00216
-0.00108
-0.001746
-0.003492
-0.001746
-0.003492
-0.006984
-0.003492
-0.001746
-0.003492
-0.001746
-0.014093999999999999
-0.028187999999999998
-0.014093999999999999
-0.028187999999999998
-0.056375999999999996
-0.028187999999999998
-0.014093999999999999
-0.028187999999999998
-0.014093999999999999
-0.052596000000000004
-0.10519200000000001
-0.052596000000000004
-0.10519200000000001
-0.21038400000000002
-0.10519200000000001
-0.052596000000000004
-0.10519200000000001
-0.052596000000000004
-0.10404
-0.20808
-0.10404
-0.20808
-0.41616
-0.20808
-0.10404
-0.20808
-0.10404
-0.18729
-0.37458
-0.18729
-0.37458
-0.74916
-0.37458
-0.18729
-0.37458
-0.18729
-0.12295800000000001
-0.24591600000000002
-0.12295800000000001
-0.24591600000000002
-0.49183200000000005
-0.24591600000000002
-0.12295800000000001
-0.24591600000000002
-0.12295800000000001
