90
-0.00035999999999999997
-0.0007199999999999999
-0.00035999999999999997
-0.0007199999999999999
-0.0014399999999999999
-0.0007199999999999999
-0.00035999999999999997
-0.0007199999999999999
-0.00035999999999999997
-0.0008999999999999999
-0.0017999999999999997
-0.0008999999999999999
-0.0017999999999999997
-0.0035999999999999995
-0.0017999999999999997
-0.0008999999999999999
-0.0017999999999999997
-0.0008999999999999999
-0.00108
-0.00216
-0.00108
-0.00216
-0.00432
-0.00216
-0.00108
-0.00216
-0.00108
-0.00108
-0.00216
-0.00108
-0.00216
-0.00432
-0.00216
-0.00108
-0.00216
-0.00108
-0.0021420000000000002
-0.0042840000000000005
-0.0021420000000000002
-0.0042840000000000005
-0.008568000000000001
-0.0042840000000000005
-0.0021420000000000002
-0.0042840000000000005
-0.0021420000000000002
-0.015497999999999998
-0.030995999999999996
-0.015497999999999998
-0.030995999999999996
-0.06199199999999999
-0.030995999999999996
-0.015497999999999998
-0.030995999999999996
-0.015497999999999998
-0.052002
-0.104004
-0.052002
-0.104004
-0.208008
-0.104004
-0.052002
-0.104004
-0.052002
-0.09838799999999999
-0.19677599999999998
-0.09838799999999999
-0.19677599999999998
-0.39355199999999996
-0.19677599999999998
-0.09838799999999999
-0.19677599999999998
-0.09838799999999999
-0.17262
-0.34524
-0.17262
-0.34524
-0.69048
-0.34524
-0.17262
-0.34524
-0.17262
-0.11233800000000002
-0.22467600000000004
-0.11233800000000002
-0.22467600000000004
-0.4493520000000001
-0.22467600000000004
-0.11233800000000002
-0.22467600000000004
-0.11233800000000002
