90
-0.00035999999999999997
-0.0007199999999999999
-0.00035999999999999997
-0.0007199999999999999
-0.0014399999999999999
-0.0007199999999999999
-0.00035999999999999997
-0.0007199999999999999
-0.00035999999999999997
-0.0008999999999999999
-0.0017999999999999997
-0.0008999999999999999
-0.0017999999999999997
-0.0035999999999999995
-0.0017999999999999997
-0.0008999999999999999
-0.0017999999999999997
-0.0008999999999999999
-0.00108
-0.00216
-0.00108
-0.00216
-0.00432
-0.00216
-0.00108
-0.00216
-0.00108
-0.00108
-0.00216
-0.00108
-0.00216
-0.00432
-0.00216
-0.00108
-0.00216
-0.00108
-0.003186
-0.006372
-0.003186
-0.006372
-0.012744
-0.006372
-0.003186
-0.006372
-0.003186
-0.024858
-0.049716
-0.024858
-0.049716
-0.099432
-0.049716
-0.024858
-0.049716
-0.024858
-0.078264
-0.156528
-0.078264
-0.156528
-0.313056
-0.156528
-0.078264
-0.156528
-0.078264
-0.13006800000000002
-0.26013600000000003
-0.13006800000000002
-0.26013600000000003
-0.5202720000000001
-0.26013600000000003
-0.13006800000000002
-0.26013600000000003
-0.13006800000000002
-0.172404
-0.344808
-0.172404
-0.344808
-0.689616
-0.344808
-0.172404
-0.344808
-0.172404
-0.09838799999999999
-0.19677599999999998
-0.09838799999999999
-0.19677599999999998
-0.39355199999999996
-0.19677599999999998
-0.09838799999999999
-0.19677599999999998
-0.09838799999999999
