90
-0.00035999999999999997
-0.0007199999999999999
-0.00035999999999999997
-0.0007199999999999999
-0.0014399999999999999
-0.0007199999999999999
-0.00035999999999999997
-0.0007199999999999999
-0.00035999999999999997
-0.0008999999999999999
-0.0017999999999999997
-0.0008999999999999999
-0.0017999999999999997
-0.0035999999999999995
-0.0017999999999999997
-0.0008999999999999999
-0.0017999999999999997
-0.0008999999999999999
-0.00108
-0.00216
-0.00108
-0.00216
-0.00432
-0.00216
-0.00108
-0.00216
-0.00108
-0.00108
-0.00216
-0.00108
-0.00216
-0.00432
-0.00216
-0.00108
-0.00216
-0.00108
-0.005489999999999999
-0.010979999999999998
-0.005489999999999999
-0.010979999999999998
-0.021959999999999997
-0.010979999999999998
-0.005489999999999999
-0.010979999999999998
-0.005489999999999999
-0.036954
-0.073908
-0.036954
-0.073908
-0.147816
-0.073908
-0.036954
-0.073908
-0.036954
-0.10609199999999998
-0.21218399999999996
-0.10609199999999998
-0.21218399999999996
-0.4243679999999999
-0.21218399999999996
-0.10609199999999998
-0.21218399999999996
-0.10609199999999998
-0.14295600000000003
-0.28591200000000005
-0.14295600000000003
-0.28591200000000005
-0.5718240000000001
-0.28591200000000005
-0.14295600000000003
-0.28591200000000005
-0.14295600000000003
-0.15593400000000002
-0.31186800000000003
-0.15593400000000002
-0.31186800000000003
-0.6237360000000001
-0.31186800000000003
-0.15593400000000002
-0.31186800000000003
-0.15593400000000002
-0.087066
-0.174132
-0.087066
-0.174132
-0.348264
-0.174132
-0.087066
-0.174132
-0.087066
