90
-0.00035999999999999997
-0.0007199999999999999
-0.00035999999999999997
-0.0007199999999999999
-0.0014399999999999999
-0.0007199999999999999
-0.00035999999999999997
-0.0007199999999999999
-0.00035999999999999997
-0.0008999999999999999
-0.0017999999999999997
-0.0008999999999999999
-0.0017999999999999997
-0.0035999999999999995
-0.0017999999999999997
-0.0008999999999999999
-0.0017999999999999997
-0.0008999999999999999
-0.00108
-0.00216
-0.00108
-0.00216
-0.00432
-0.00216
-0.00108
-0.00216
-0.00108
-0.00108
-0.00216
-0.00108
-0.00216
-0.00432
-0.00216
-0.00108
-0.00216
-0.00108
-0.007182000000000001
-0.014364000000000002
-0.007182000000000001
-0.014364000000000002
-0.028728000000000004
-0.014364000000000002
-0.007182000000000001
-0.014364000000000002
-0.007182000000000001
-0.038448
-0.076896
-0.038448
-0.076896
-0.153792
-0.076896
-0.038448
-0.076896
-0.038448
-0.100782
-0.201564
-0.100782
-0.201564
-0.403128
-0.201564
-0.100782
-0.201564
-0.100782
-0.117414
-0.234828
-0.117414
-0.234828
-0.469656
-0.234828
-0.117414
-0.234828
-0.117414
-0.13744800000000001
-0.27489600000000003
-0.13744800000000001
-0.27489600000000003
-0.5497920000000001
-0.27489600000000003
-0.13744800000000001
-0.27489600000000003
-0.13744800000000001
-0.08901
-0.17802
-0.08901
-0.17802
-0.35604
-0.17802
-0.08901
-0.17802
-0.08901
