90
-0.00035999999999999997
-0.0007199999999999999
-0.00035999999999999997
-0.0007199999999999999
-0.0014399999999999999
-0.0007199999999999999
-0.00035999999999999997
-0.0007199999999999999
-0.00035999999999999997
-0.0008999999999999999
-0.0017999999999999997
-0.0008999999999999999
-0.0017999999999999997
-0.0035999999999999995
-0.0017999999999999997
-0.0008999999999999999
-0.0017999999999999997
-0.0008999999999999999
-0.00108
-0.00216
-0.00108
-0.00216
-0.00432
-0.00216
-0.00108
-0.00216
-0.00108
-0.00108
-0.00216
-0.00108
-0.00216
-0.00432
-0.00216
-0.00108
-0.00216
-0.00108
-0.006660000000000001
-0.013320000000000002
-0.006660000000000001
-0.013320000000000002
-0.026640000000000004
-0.013320000000000002
-0.006660000000000001
-0.013320000000000002
-0.006660000000000001
-0.029448000000000002
-0.058896000000000004
-0.029448000000000002
-0.058896000000000004
-0.11779200000000001
-0.058896000000000004
-0.029448000000000002
-0.058896000000000004
-0.029448000000000002
-0.072414
-0.144828
-0.072414
-0.144828
-0.289656
-0.144828
-0.072414
-0.144828
-0.072414
-0.080352
-0.160704
-0.080352
-0.160704
-0.321408
-0.160704
-0.080352
-0.160704
-0.080352
-0.135396
-0.270792
-0.135396
-0.270792
-0.541584
-0.270792
-0.135396
-0.270792
-0.135396
-0.10413
-0.20826
-0.10413
-0.20826
-0.41652
-0.20826
-0.10413
-0.20826
-0.10413
