90
-0.00035999999999999997
-0.0007199999999999999
-0.00035999999999999997
-0.0007199999999999999
-0.0014399999999999999
-0.0007199999999999999
-0.00035999999999999997
-0.0007199999999999999
-0.00035999999999999997
-0.0008999999999999999
-0.0017999999999999997
-0.0008999999999999999
-0.0017999999999999997
-0.0035999999999999995
-0.0017999999999999997
-0.0008999999999999999
-0.0017999999999999997
-0.0008999999999999999
-0.00108
-0.00216
-0.00108
-0.00216
-0.00432
-0.00216
-0.00108
-0.00216
-0.00108
-0.00108
-0.00216
-0.00108
-0.00216
-0.00432
-0.00216
-0.00108
-0.00216
-0.00108
-0.012060000000000001
-0.024120000000000003
-0.012060000000000001
-0.024120000000000003
-0.048240000000000005
-0.024120000000000003
-0.012060000000000001
-0.024120000000000003
-0.012060000000000001
-0.051858
-0.103716
-0.051858
-0.103716
-0.207432
-0.103716
-0.051858
-0.103716
-0.051858
-0.12167999999999998
-0.24335999999999997
-0.12167999999999998
-0.24335999999999997
-0.48671999999999993
-0.24335999999999997
-0.12167999999999998
-0.24335999999999997
-0.12167999999999998
-0.12338999999999999
-0.24677999999999997
-0.12338999999999999
-0.24677999999999997
-0.49355999999999994
-0.24677999999999997
-0.12338999999999999
-0.24677999999999997
-0.12338999999999999
-0.15955200000000003
-0.31910400000000005
-0.15955200000000003
-0.31910400000000005
-0.6382080000000001
-0.31910400000000005
-0.15955200000000003
-0.31910400000000005
-0.15955200000000003
-0.11750400000000001
-0.23500800000000002
-0.11750400000000001
-0.23500800000000002
-0.47001600000000004
-0.23500800000000002
-0.11750400000000001
-0.23500800000000002
-0.11750400000000001
