90
-0.00035999999999999997
-0.0007199999999999999
-0.00035999999999999997
-0.0007199999999999999
-0.0014399999999999999
-0.0007199999999999999
-0.00035999999999999997
-0.0007199999999999999
-0.00035999999999999997
-0.0008999999999999999
-0.0017999999999999997
-0.0008999999999999999
-0.0017999999999999997
-0.0035999999999999995
-0.0017999999999999997
-0.0008999999999999999
-0.0017999999999999997
-0.0008999999999999999
-0.00108
-0.00216
-0.00108
-0.00216
-0.00432
-0.00216
-0.00108
-0.00216
-0.00108
-0.001404
-0.002808
-0.001404
-0.002808
-0.005616
-0.002808
-0.001404
-0.002808
-0.001404
-0.018702000000000003
-0.03740400000000001
-0.018702000000000003
-0.03740400000000001
-0.07480800000000001
-0.03740400000000001
-0.018702000000000003
-0.03740400000000001
-0.018702000000000003
-0.0693
-0.1386
-0.0693
-0.1386
-0.2772
-0.1386
-0.0693
-0.1386
-0.0693
-0.15019200000000002
-0.30038400000000004
-0.15019200000000002
-0.30038400000000004
-0.6007680000000001
-0.30038400000000004
-0.15019200000000002
-0.30038400000000004
-0.15019200000000002
-0.141588
-0.283176
-0.141588
-0.283176
-0.566352
-0.283176
-0.141588
-0.283176
-0.141588
-0.139464
-0.278928
-0.139464
-0.278928
-0.557856
-0.278928
-0.139464
-0.278928
-0.139464
-0.096606
-0.193212
-0.096606
-0.193212
-0.386424
-0.193212
-0.096606
-0.193212
-0.096606
