90
-0.00035999999999999997
-0.0007199999999999999
-0.00035999999999999997
-0.0007199999999999999
-0.0014399999999999999
-0.0007199999999999999
-0.00035999999999999997
-0.0007199999999999999
-0.00035999999999999997
-0.0008999999999999999
-0.0017999999999999997
-0.0008999999999999999
-0.0017999999999999997
-0.0035999999999999995
-0.0017999999999999997
-0.0008999999999999999
-0.0017999999999999997
-0.0008999999999999999
-0.00108
-0.00216
-0.00108
-0.00216
-0.00432
-0.00216
-0.00108
-0.00216
-0.00108
-0.0022679999999999996
-0.004535999999999999
-0.0022679999999999996
-0.004535999999999999
-0.009071999999999998
-0.004535999999999999
-0.0022679999999999996
-0.004535999999999999
-0.0022679999999999996
-0.025325999999999998
-0.050651999999999996
-0.025325999999999998
-0.050651999999999996
-0.10130399999999999
-0.050651999999999996
-0.025325999999999998
-0.050651999999999996
-0.025325999999999998
-0.08235
-0.1647
-0.08235
-0.1647
-0.3294
-0.1647
-0.08235
-0.1647
-0.08235
-0.166536
-0.333072
-0.166536
-0.333072
-0.666144
-0.333072
-0.166536
-0.333072
-0.166536
-0.147726
-0.295452
-0.147726
-0.295452
-0.590904
-0.295452
-0.147726
-0.295452
-0.147726
-0.122994
-0.245988
-0.122994
-0.245988
-0.491976
-0.245988
-0.122994
-0.245988
-0.122994
-0.083052
-0.166104
-0.083052
-0.166104
-0.332208
-0.166104
-0.083052
-0.166104
-0.083052
