90
-0.00035999999999999997
-0.0007199999999999999
-0.00035999999999999997
-0.0007199999999999999
-0.0014399999999999999
-0.0007199999999999999
-0.00035999999999999997
-0.0007199999999999999
-0.00035999999999999997
-0.0008999999999999999
-0.0017999999999999997
-0.0008999999999999999
-0.0017999999999999997
-0.0035999999999999995
-0.0017999999999999997
-0.0008999999999999999
-0.0017999999999999997
-0.0008999999999999999
-0.00108
-0.00216
-0.00108
-0.00216
-0.00432
-0.00216
-0.00108
-0.00216
-0.00108
-0.0037979999999999997
-0.0075959999999999995
-0.0037979999999999997
-0.0075959999999999995
-0.015191999999999999
-0.0075959999999999995
-0.0037979999999999997
-0.0075959999999999995
-0.0037979999999999997
-0.033516
-0.067032
-0.033516
-0.067032
-0.134064
-0.067032
-0.033516
-0.067032
-0.033516
-0.09802799999999999
-0.19605599999999998
-0.09802799999999999
-0.19605599999999998
-0.39211199999999996
-0.19605599999999998
-0.09802799999999999
-0.19605599999999998
-0.09802799999999999
-0.188118
-0.376236
-0.188118
-0.376236
-0.752472
-0.376236
-0.188118
-0.376236
-0.188118
-0.15850799999999998
-0.31701599999999996
-0.15850799999999998
-0.31701599999999996
-0.6340319999999999
-0.31701599999999996
-0.15850799999999998
-0.31701599999999996
-0.15850799999999998
-0.111762
-0.223524
-0.111762
-0.223524
-0.447048
-0.223524
-0.111762
-0.223524
-0.111762
-0.073602
-0.147204
-0.073602
-0.147204
-0.294408
-0.147204
-0.073602
-0.147204
-0.073602
