90
-0.00035999999999999997
-0.0007199999999999999
-0.00035999999999999997
-0.0007199999999999999
-0.0014399999999999999
-0.0007199999999999999
-0.00035999999999999997
-0.0007199999999999999
-0.00035999999999999997
-0.0008999999999999999
-0.0017999999999999997
-0.0008999999999999999
-0.0017999999999999997
-0.0035999999999999995
-0.0017999999999999997
-0.0008999999999999999
-0.0017999999999999997
-0.0008999999999999999
-0.00108
-0.00216
-0.00108
-0.00216
-0.00432
-0.00216
-0.00108
-0.00216
-0.00108
-0.005705999999999999
-0.011411999999999999
-0.005705999999999999
-0.011411999999999999
-0.022823999999999997
-0.011411999999999999
-0.005705999999999999
-0.011411999999999999
-0.005705999999999999
-0.039438
-0.078876
-0.039438
-0.078876
-0.157752
-0.078876
-0.039438
-0.078876
-0.039438
-0.10510200000000001
-0.21020400000000003
-0.10510200000000001
-0.21020400000000003
-0.42040800000000006
-0.21020400000000003
-0.10510200000000001
-0.21020400000000003
-0.10510200000000001
-0.19288800000000003
-0.38577600000000006
-0.19288800000000003
-0.38577600000000006
-0.7715520000000001
-0.38577600000000006
-0.19288800000000003
-0.38577600000000006
-0.19288800000000003
-0.15622199999999997
-0.31244399999999994
-0.15622199999999997
-0.31244399999999994
-0.6248879999999999
-0.31244399999999994
-0.15622199999999997
-0.31244399999999994
-0.15622199999999997
-0.100224
-0.200448
-0.100224
-0.200448
-0.400896
-0.200448
-0.100224
-0.200448
-0.100224
-0.06606000000000001
-0.13212000000000002
-0.06606000000000001
-0.13212000000000002
-0.26424000000000003
-0.13212000000000002
-0.06606000000000001
-0.13212000000000002
-0.06606000000000001
