90
-0.00035999999999999997
-0.0007199999999999999
-0.00035999999999999997
-0.0007199999999999999
-0.0014399999999999999
-0.0007199999999999999
-0.00035999999999999997
-0.0007199999999999999
-0.00035999999999999997
-0.0008999999999999999
-0.0017999999999999997
-0.0008999999999999999
-0.0017999999999999997
-0.0035999999999999995
-0.0017999999999999997
-0.0008999999999999999
-0.0017999999999999997
-0.0008999999999999999
-0.00108
-0.00216
-0.00108
-0.00216
-0.00432
-0.00216
-0.00108
-0.00216
-0.00108
-0.009162000000000002
-0.018324000000000003
-0.009162000000000002
-0.018324000000000003
-0.03664800000000001
-0.018324000000000003
-0.009162000000000002
-0.018324000000000003
-0.009162000000000002
-0.05229
-0.10458
-0.05229
-0.10458
-0.20916
-0.10458
-0.05229
-0.10458
-0.05229
-0.12864599999999998
-0.25729199999999997
-0.12864599999999998
-0.25729199999999997
-0.5145839999999999
-0.25729199999999997
-0.12864599999999998
-0.25729199999999997
-0.12864599999999998
-0.22760999999999998
-0.45521999999999996
-0.22760999999999998
-0.45521999999999996
-0.9104399999999999
-0.45521999999999996
-0.22760999999999998
-0.45521999999999996
-0.22760999999999998
-0.17706600000000003
-0.35413200000000006
-0.17706600000000003
-0.35413200000000006
-0.7082640000000001
-0.35413200000000006
-0.17706600000000003
-0.35413200000000006
-0.17706600000000003
-0.093474
-0.186948
-0.093474
-0.186948
-0.373896
-0.186948
-0.093474
-0.186948
-0.093474
-0.05904
-0.11808
-0.05904
-0.11808
-0.23616
-0.11808
-0.05904
-0.11808
-0.05904
