90
-0.00035999999999999997
-0.0007199999999999999
-0.00035999999999999997
-0.0007199999999999999
-0.0014399999999999999
-0.0007199999999999999
-0.00035999999999999997
-0.0007199999999999999
-0.00035999999999999997
-0.0008999999999999999
-0.0017999999999999997
-0.0008999999999999999
-0.0017999999999999997
-0.0035999999999999995
-0.0017999999999999997
-0.0008999999999999999
-0.0017999999999999997
-0.0008999999999999999
-0.00108
-0.00216
-0.00108
-0.00216
-0.00432
-0.00216
-0.00108
-0.00216
-0.00108
-0.011646
-0.023292
-0.011646
-0.023292
-0.046584
-0.023292
-0.011646
-0.023292
-0.011646
-0.055026
-0.110052
-0.055026
-0.110052
-0.220104
-0.110052
-0.055026
-0.110052
-0.055026
-0.125532
-0.251064
-0.125532
-0.251064
-0.502128
-0.251064
-0.125532
-0.251064
-0.125532
-0.21596400000000002
-0.43192800000000003
-0.21596400000000002
-0.43192800000000003
-0.8638560000000001
-0.43192800000000003
-0.21596400000000002
-0.43192800000000003
-0.21596400000000002
-0.164034
-0.328068
-0.164034
-0.328068
-0.656136
-0.328068
-0.164034
-0.328068
-0.164034
-0.083142
-0.166284
-0.083142
-0.166284
-0.332568
-0.166284
-0.083142
-0.166284
-0.083142
-0.05346
-0.10692
-0.05346
-0.10692
-0.21384
-0.10692
-0.05346
-0.10692
-0.05346
