90
-0.00035999999999999997
-0.0007199999999999999
-0.00035999999999999997
-0.0007199999999999999
-0.0014399999999999999
-0.0007199999999999999
-0.00035999999999999997
-0.0007199999999999999
-0.00035999999999999997
-0.0008999999999999999
-0.0017999999999999997
-0.0008999999999999999
-0.0017999999999999997
-0.0035999999999999995
-0.0017999999999999997
-0.0008999999999999999
-0.0017999999999999997
-0.0008999999999999999
-0.00108
-0.00216
-0.00108
-0.00216
-0.00432
-0.00216
-0.00108
-0.00216
-0.00108
-0.01863
-0.03726
-0.01863
-0.03726
-0.07452
-0.03726
-0.01863
-0.03726
-0.01863
-0.078156
-0.156312
-0.078156
-0.156312
-0.312624
-0.156312
-0.078156
-0.156312
-0.078156
-0.167814
-0.335628
-0.167814
-0.335628
-0.671256
-0.335628
-0.167814
-0.335628
-0.167814
-0.282006
-0.564012
-0.282006
-0.564012
-1.128024
-0.564012
-0.282006
-0.564012
-0.282006
-0.206892
-0.413784
-0.206892
-0.413784
-0.827568
-0.413784
-0.206892
-0.413784
-0.206892
-0.081414
-0.162828
-0.081414
-0.162828
-0.325656
-0.162828
-0.081414
-0.162828
-0.081414
-0.048780000000000004
-0.09756000000000001
-0.048780000000000004
-0.09756000000000001
-0.19512000000000002
-0.09756000000000001
-0.048780000000000004
-0.09756000000000001
-0.048780000000000004
