90
-0.00035999999999999997
-0.0007199999999999999
-0.00035999999999999997
-0.0007199999999999999
-0.0014399999999999999
-0.0007199999999999999
-0.00035999999999999997
-0.0007199999999999999
-0.00035999999999999997
-0.0008999999999999999
-0.0017999999999999997
-0.0008999999999999999
-0.0017999999999999997
-0.0035999999999999995
-0.0017999999999999997
-0.0008999999999999999
-0.0017999999999999997
-0.0008999999999999999
-0.001368
-0.002736
-0.001368
-0.002736
-0.005472
-0.002736
-0.001368
-0.002736
-0.001368
-0.024839999999999997
-0.049679999999999995
-0.024839999999999997
-0.049679999999999995
-0.09935999999999999
-0.049679999999999995
-0.024839999999999997
-0.049679999999999995
-0.024839999999999997
-0.090684
-0.181368
-0.090684
-0.181368
-0.362736
-0.181368
-0.090684
-0.181368
-0.090684
-0.18205200000000002
-0.36410400000000004
-0.18205200000000002
-0.36410400000000004
-0.7282080000000001
-0.36410400000000004
-0.18205200000000002
-0.36410400000000004
-0.18205200000000002
-0.299178
-0.598356
-0.299178
-0.598356
-1.196712
-0.598356
-0.299178
-0.598356
-0.299178
-0.21464999999999998
-0.42929999999999996
-0.21464999999999998
-0.42929999999999996
-0.8585999999999999
-0.42929999999999996
-0.21464999999999998
-0.42929999999999996
-0.21464999999999998
-0.075852
-0.151704
-0.075852
-0.151704
-0.303408
-0.151704
-0.075852
-0.151704
-0.075852
-0.045
-0.09
-0.045
-0.09
-0.18
-0.09
-0.045
-0.09
-0.045
