90
-0.00035999999999999997
-0.0007199999999999999
-0.00035999999999999997
-0.0007199999999999999
-0.0014399999999999999
-0.0007199999999999999
-0.00035999999999999997
-0.0007199999999999999
-0.00035999999999999997
-0.0008999999999999999
-0.0017999999999999997
-0.0008999999999999999
-0.0017999999999999997
-0.0035999999999999995
-0.0017999999999999997
-0.0008999999999999999
-0.0017999999999999997
-0.0008999999999999999
-0.0023400000000000005
-0.004680000000000001
-0.0023400000000000005
-0.004680000000000001
-0.009360000000000002
-0.004680000000000001
-0.0023400000000000005
-0.004680000000000001
-0.0023400000000000005
-0.036378
-0.072756
-0.036378
-0.072756
-0.145512
-0.072756
-0.036378
-0.072756
-0.036378
-0.11838599999999999
-0.23677199999999998
-0.11838599999999999
-0.23677199999999998
-0.47354399999999996
-0.23677199999999998
-0.11838599999999999
-0.23677199999999998
-0.11838599999999999
-0.223884
-0.447768
-0.223884
-0.447768
-0.895536
-0.447768
-0.223884
-0.447768
-0.223884
-0.36027
-0.72054
-0.36027
-0.72054
-1.44108
-0.72054
-0.36027
-0.72054
-0.36027
-0.25225200000000003
-0.5045040000000001
-0.25225200000000003
-0.5045040000000001
-1.0090080000000001
-0.5045040000000001
-0.25225200000000003
-0.5045040000000001
-0.25225200000000003
-0.08227799999999999
-0.16455599999999998
-0.08227799999999999
-0.16455599999999998
-0.32911199999999996
-0.16455599999999998
-0.08227799999999999
-0.16455599999999998
-0.08227799999999999
-0.05022000000000001
-0.10044000000000002
-0.05022000000000001
-0.10044000000000002
-0.20088000000000003
-0.10044000000000002
-0.05022000000000001
-0.10044000000000002
-0.05022000000000001
