90
-0.00035999999999999997
-0.0007199999999999999
-0.00035999999999999997
-0.0007199999999999999
-0.0014399999999999999
-0.0007199999999999999
-0.00035999999999999997
-0.0007199999999999999
-0.00035999999999999997
-0.0008999999999999999
-0.0017999999999999997
-0.0008999999999999999
-0.0017999999999999997
-0.0035999999999999995
-0.0017999999999999997
-0.0008999999999999999
-0.0017999999999999997
-0.0008999999999999999
-0.0032940000000000005
-0.006588000000000001
-0.0032940000000000005
-0.006588000000000001
-0.013176000000000002
-0.006588000000000001
-0.0032940000000000005
-0.006588000000000001
-0.0032940000000000005
-0.034938000000000004
-0.06987600000000001
-0.034938000000000004
-0.06987600000000001
-0.13975200000000002
-0.06987600000000001
-0.034938000000000004
-0.06987600000000001
-0.034938000000000004
-0.102348
-0.204696
-0.102348
-0.204696
-0.409392
-0.204696
-0.102348
-0.204696
-0.102348
-0.18408599999999997
-0.36817199999999994
-0.18408599999999997
-0.36817199999999994
-0.7363439999999999
-0.36817199999999994
-0.18408599999999997
-0.36817199999999994
-0.18408599999999997
-0.24636599999999997
-0.49273199999999995
-0.24636599999999997
-0.49273199999999995
-0.9854639999999999
-0.49273199999999995
-0.24636599999999997
-0.49273199999999995
-0.24636599999999997
-0.15814799999999998
-0.31629599999999997
-0.15814799999999998
-0.31629599999999997
-0.6325919999999999
-0.31629599999999997
-0.15814799999999998
-0.31629599999999997
-0.15814799999999998
-0.08168399999999999
-0.16336799999999999
-0.08168399999999999
-0.16336799999999999
-0.32673599999999997
-0.16336799999999999
-0.08168399999999999
-0.16336799999999999
-0.08168399999999999
-0.05598
-0.11196
-0.05598
-0.11196
-0.22392
-0.11196
-0.05598
-0.11196
-0.05598
