90
-0.00035999999999999997
-0.0007199999999999999
-0.00035999999999999997
-0.0007199999999999999
-0.0014399999999999999
-0.0007199999999999999
-0.00035999999999999997
-0.0007199999999999999
-0.00035999999999999997
-0.0008999999999999999
-0.0017999999999999997
-0.0008999999999999999
-0.0017999999999999997
-0.0035999999999999995
-0.0017999999999999997
-0.0008999999999999999
-0.0017999999999999997
-0.0008999999999999999
-0.005778
-0.011556
-0.005778
-0.011556
-0.023112
-0.011556
-0.005778
-0.011556
-0.005778
-0.052578
-0.105156
-0.052578
-0.105156
-0.210312
-0.105156
-0.052578
-0.105156
-0.052578
-0.14338800000000002
-0.28677600000000003
-0.14338800000000002
-0.28677600000000003
-0.5735520000000001
-0.28677600000000003
-0.14338800000000002
-0.28677600000000003
-0.14338800000000002
-0.24850799999999998
-0.49701599999999996
-0.24850799999999998
-0.49701599999999996
-0.9940319999999999
-0.49701599999999996
-0.24850799999999998
-0.49701599999999996
-0.24850799999999998
-0.265986
-0.531972
-0.265986
-0.531972
-1.063944
-0.531972
-0.265986
-0.531972
-0.265986
-0.14410799999999999
-0.28821599999999997
-0.14410799999999999
-0.28821599999999997
-0.5764319999999999
-0.28821599999999997
-0.14410799999999999
-0.28821599999999997
-0.14410799999999999
-0.08332200000000001
-0.16664400000000001
-0.08332200000000001
-0.16664400000000001
-0.33328800000000003
-0.16664400000000001
-0.08332200000000001
-0.16664400000000001
-0.08332200000000001
-0.05274
-0.10548
-0.05274
-0.10548
-0.21096
-0.10548
-0.05274
-0.10548
-0.05274
