90
-0.00035999999999999997
-0.0007199999999999999
-0.00035999999999999997
-0.0007199999999999999
-0.0014399999999999999
-0.0007199999999999999
-0.00035999999999999997
-0.0007199999999999999
-0.00035999999999999997
-0.0008999999999999999
-0.0017999999999999997
-0.0008999999999999999
-0.0017999999999999997
-0.0035999999999999995
-0.0017999999999999997
-0.0008999999999999999
-0.0017999999999999997
-0.0008999999999999999
-0.009108
-0.018216
-0.009108
-0.018216
-0.036432
-0.018216
-0.009108
-0.018216
-0.009108
-0.06917399999999999
-0.13834799999999997
-0.06917399999999999
-0.13834799999999997
-0.27669599999999994
-0.13834799999999997
-0.06917399999999999
-0.13834799999999997
-0.06917399999999999
-0.17587799999999998
-0.35175599999999996
-0.17587799999999998
-0.35175599999999996
-0.7035119999999999
-0.35175599999999996
-0.17587799999999998
-0.35175599999999996
-0.17587799999999998
-0.294138
-0.588276
-0.294138
-0.588276
-1.176552
-0.588276
-0.294138
-0.588276
-0.294138
-0.27019800000000005
-0.5403960000000001
-0.27019800000000005
-0.5403960000000001
-1.0807920000000002
-0.5403960000000001
-0.27019800000000005
-0.5403960000000001
-0.27019800000000005
-0.12437999999999999
-0.24875999999999998
-0.12437999999999999
-0.24875999999999998
-0.49751999999999996
-0.24875999999999998
-0.12437999999999999
-0.24875999999999998
-0.12437999999999999
-0.080928
-0.161856
-0.080928
-0.161856
-0.323712
-0.161856
-0.080928
-0.161856
-0.080928
-0.047880000000000006
-0.09576000000000001
-0.047880000000000006
-0.09576000000000001
-0.19152000000000002
-0.09576000000000001
-0.047880000000000006
-0.09576000000000001
-0.047880000000000006
