90
-0.00035999999999999997
-0.0007199999999999999
-0.00035999999999999997
-0.0007199999999999999
-0.0014399999999999999
-0.0007199999999999999
-0.00035999999999999997
-0.0007199999999999999
-0.00035999999999999997
-0.0008999999999999999
-0.0017999999999999997
-0.0008999999999999999
-0.0017999999999999997
-0.0035999999999999995
-0.0017999999999999997
-0.0008999999999999999
-0.0017999999999999997
-0.0008999999999999999
-0.013482000000000001
-0.026964000000000002
-0.013482000000000001
-0.026964000000000002
-0.053928000000000004
-0.026964000000000002
-0.013482000000000001
-0.026964000000000002
-0.013482000000000001
-0.087372
-0.174744
-0.087372
-0.174744
-0.349488
-0.174744
-0.087372
-0.174744
-0.087372
-0.208746
-0.417492
-0.208746
-0.417492
-0.834984
-0.417492
-0.208746
-0.417492
-0.208746
-0.338886
-0.677772
-0.338886
-0.677772
-1.355544
-0.677772
-0.338886
-0.677772
-0.338886
-0.281718
-0.563436
-0.281718
-0.563436
-1.126872
-0.563436
-0.281718
-0.563436
-0.281718
-0.11170800000000002
-0.22341600000000003
-0.11170800000000002
-0.22341600000000003
-0.44683200000000006
-0.22341600000000003
-0.11170800000000002
-0.22341600000000003
-0.11170800000000002
-0.07757999999999998
-0.15515999999999996
-0.07757999999999998
-0.15515999999999996
-0.31031999999999993
-0.15515999999999996
-0.07757999999999998
-0.15515999999999996
-0.07757999999999998
-0.043019999999999996
-0.08603999999999999
-0.043019999999999996
-0.08603999999999999
-0.17207999999999998
-0.08603999999999999
-0.043019999999999996
-0.08603999999999999
-0.043019999999999996
