90
-0.00035999999999999997
-0.0007199999999999999
-0.00035999999999999997
-0.0007199999999999999
-0.0014399999999999999
-0.0007199999999999999
-0.00035999999999999997
-0.0007199999999999999
-0.00035999999999999997
-0.0008999999999999999
-0.0017999999999999997
-0.0008999999999999999
-0.0017999999999999997
-0.0035999999999999995
-0.0017999999999999997
-0.0008999999999999999
-0.0017999999999999997
-0.0008999999999999999
-0.018269999999999998
-0.036539999999999996
-0.018269999999999998
-0.036539999999999996
-0.07307999999999999
-0.036539999999999996
-0.018269999999999998
-0.036539999999999996
-0.018269999999999998
-0.101952
-0.203904
-0.101952
-0.203904
-0.407808
-0.203904
-0.101952
-0.203904
-0.101952
-0.228996
-0.457992
-0.228996
-0.457992
-0.915984
-0.457992
-0.228996
-0.457992
-0.228996
-0.361584
-0.723168
-0.361584
-0.723168
-1.446336
-0.723168
-0.361584
-0.723168
-0.361584
-0.280476
-0.560952
-0.280476
-0.560952
-1.121904
-0.560952
-0.280476
-0.560952
-0.280476
-0.09763200000000001
-0.19526400000000002
-0.09763200000000001
-0.19526400000000002
-0.39052800000000004
-0.19526400000000002
-0.09763200000000001
-0.19526400000000002
-0.09763200000000001
-0.07230599999999998
-0.14461199999999996
-0.07230599999999998
-0.14461199999999996
-0.2892239999999999
-0.14461199999999996
-0.07230599999999998
-0.14461199999999996
-0.07230599999999998
-0.038340000000000006
-0.07668000000000001
-0.038340000000000006
-0.07668000000000001
-0.15336000000000002
-0.07668000000000001
-0.038340000000000006
-0.07668000000000001
-0.038340000000000006
