90
-0.00035999999999999997
-0.0007199999999999999
-0.00035999999999999997
-0.0007199999999999999
-0.0014399999999999999
-0.0007199999999999999
-0.00035999999999999997
-0.0007199999999999999
-0.00035999999999999997
-0.0008999999999999999
-0.0017999999999999997
-0.0008999999999999999
-0.0017999999999999997
-0.0035999999999999995
-0.0017999999999999997
-0.0008999999999999999
-0.0017999999999999997
-0.0008999999999999999
-0.024336000000000007
-0.048672000000000014
-0.024336000000000007
-0.048672000000000014
-0.09734400000000003
-0.048672000000000014
-0.024336000000000007
-0.048672000000000014
-0.024336000000000007
-0.12068999999999999
-0.24137999999999998
-0.12068999999999999
-0.24137999999999998
-0.48275999999999997
-0.24137999999999998
-0.12068999999999999
-0.24137999999999998
-0.12068999999999999
-0.25729199999999997
-0.5145839999999999
-0.25729199999999997
-0.5145839999999999
-1.0291679999999999
-0.5145839999999999
-0.25729199999999997
-0.5145839999999999
-0.25729199999999997
-0.36152999999999996
-0.7230599999999999
-0.36152999999999996
-0.7230599999999999
-1.4461199999999999
-0.7230599999999999
-0.36152999999999996
-0.7230599999999999
-0.36152999999999996
-0.257724
-0.515448
-0.257724
-0.515448
-1.030896
-0.515448
-0.257724
-0.515448
-0.257724
-0.09044999999999999
-0.18089999999999998
-0.09044999999999999
-0.18089999999999998
-0.36179999999999995
-0.18089999999999998
-0.09044999999999999
-0.18089999999999998
-0.09044999999999999
-0.06805800000000001
-0.13611600000000001
-0.06805800000000001
-0.13611600000000001
-0.27223200000000003
-0.13611600000000001
-0.06805800000000001
-0.13611600000000001
-0.06805800000000001
-0.0342
-0.0684
-0.0342
-0.0684
-0.1368
-0.0684
-0.0342
-0.0684
-0.0342
