90
-0.00035999999999999997
-0.0007199999999999999
-0.00035999999999999997
-0.0007199999999999999
-0.0014399999999999999
-0.0007199999999999999
-0.00035999999999999997
-0.0007199999999999999
-0.00035999999999999997
-0.00126
-0.00252
-0.00126
-0.00252
-0.00504
-0.00252
-0.00126
-0.00252
-0.00126
-0.029556000000000002
-0.059112000000000005
-0.029556000000000002
-0.059112000000000005
-0.11822400000000001
-0.059112000000000005
-0.029556000000000002
-0.059112000000000005
-0.029556000000000002
-0.13330799999999998
-0.26661599999999996
-0.13330799999999998
-0.26661599999999996
-0.5332319999999999
-0.26661599999999996
-0.13330799999999998
-0.26661599999999996
-0.13330799999999998
-0.273042
-0.546084
-0.273042
-0.546084
-1.092168
-0.546084
-0.273042
-0.546084
-0.273042
-0.27135
-0.5427
-0.27135
-0.5427
-1.0854
-0.5427
-0.27135
-0.5427
-0.27135
-0.15190199999999998
-0.30380399999999996
-0.15190199999999998
-0.30380399999999996
-0.6076079999999999
-0.30380399999999996
-0.15190199999999998
-0.30380399999999996
-0.15190199999999998
-0.081414
-0.162828
-0.081414
-0.162828
-0.325656
-0.162828
-0.081414
-0.162828
-0.081414
-0.062892
-0.125784
-0.062892
-0.125784
-0.251568
-0.125784
-0.062892
-0.125784
-0.062892
-0.030420000000000003
-0.060840000000000005
-0.030420000000000003
-0.060840000000000005
-0.12168000000000001
-0.060840000000000005
-0.030420000000000003
-0.060840000000000005
-0.030420000000000003
