90
-0.00035999999999999997
-0.0007199999999999999
-0.00035999999999999997
-0.0007199999999999999
-0.0014399999999999999
-0.0007199999999999999
-0.00035999999999999997
-0.0007199999999999999
-0.00035999999999999997
-0.0018540000000000002
-0.0037080000000000004
-0.0018540000000000002
-0.0037080000000000004
-0.007416000000000001
-0.0037080000000000004
-0.0018540000000000002
-0.0037080000000000004
-0.0018540000000000002
-0.03375
-0.0675
-0.03375
-0.0675
-0.135
-0.0675
-0.03375
-0.0675
-0.03375
-0.14248800000000003
-0.28497600000000006
-0.14248800000000003
-0.28497600000000006
-0.5699520000000001
-0.28497600000000006
-0.14248800000000003
-0.28497600000000006
-0.14248800000000003
-0.28467000000000003
-0.5693400000000001
-0.28467000000000003
-0.5693400000000001
-1.1386800000000001
-0.5693400000000001
-0.28467000000000003
-0.5693400000000001
-0.28467000000000003
-0.24812999999999996
-0.4962599999999999
-0.24812999999999996
-0.4962599999999999
-0.9925199999999998
-0.4962599999999999
-0.24812999999999996
-0.4962599999999999
-0.24812999999999996
-0.11678400000000001
-0.23356800000000003
-0.11678400000000001
-0.23356800000000003
-0.46713600000000005
-0.23356800000000003
-0.11678400000000001
-0.23356800000000003
-0.11678400000000001
-0.07381800000000001
-0.14763600000000002
-0.07381800000000001
-0.14763600000000002
-0.29527200000000003
-0.14763600000000002
-0.07381800000000001
-0.14763600000000002
-0.07381800000000001
-0.057726
-0.115452
-0.057726
-0.115452
-0.230904
-0.115452
-0.057726
-0.115452
-0.057726
-0.026999999999999996
-0.05399999999999999
-0.026999999999999996
-0.05399999999999999
-0.10799999999999998
-0.05399999999999999
-0.026999999999999996
-0.05399999999999999
-0.026999999999999996
