90
-0.00035999999999999997
-0.0007199999999999999
-0.00035999999999999997
-0.0007199999999999999
-0.0014399999999999999
-0.0007199999999999999
-0.00035999999999999997
-0.0007199999999999999
-0.00035999999999999997
-0.0028259999999999995
-0.005651999999999999
-0.0028259999999999995
-0.005651999999999999
-0.011303999999999998
-0.005651999999999999
-0.0028259999999999995
-0.005651999999999999
-0.0028259999999999995
-0.03839399999999999
-0.07678799999999998
-0.03839399999999999
-0.07678799999999998
-0.15357599999999996
-0.07678799999999998
-0.03839399999999999
-0.07678799999999998
-0.03839399999999999
-0.151776
-0.303552
-0.151776
-0.303552
-0.607104
-0.303552
-0.151776
-0.303552
-0.151776
-0.29655000000000004
-0.5931000000000001
-0.29655000000000004
-0.5931000000000001
-1.1862000000000001
-0.5931000000000001
-0.29655000000000004
-0.5931000000000001
-0.29655000000000004
-0.23934599999999998
-0.47869199999999995
-0.23934599999999998
-0.47869199999999995
-0.9573839999999999
-0.47869199999999995
-0.23934599999999998
-0.47869199999999995
-0.23934599999999998
-0.097344
-0.194688
-0.097344
-0.194688
-0.389376
-0.194688
-0.097344
-0.194688
-0.097344
-0.067824
-0.135648
-0.067824
-0.135648
-0.271296
-0.135648
-0.067824
-0.135648
-0.067824
-0.05306400000000001
-0.10612800000000001
-0.05306400000000001
-0.10612800000000001
-0.21225600000000003
-0.10612800000000001
-0.05306400000000001
-0.10612800000000001
-0.05306400000000001
-0.023940000000000003
-0.047880000000000006
-0.023940000000000003
-0.047880000000000006
-0.09576000000000001
-0.047880000000000006
-0.023940000000000003
-0.047880000000000006
-0.023940000000000003
