90
-0.00035999999999999997
-0.0007199999999999999
-0.00035999999999999997
-0.0007199999999999999
-0.0014399999999999999
-0.0007199999999999999
-0.00035999999999999997
-0.0007199999999999999
-0.00035999999999999997
-0.004085999999999999
-0.008171999999999999
-0.004085999999999999
-0.008171999999999999
-0.016343999999999997
-0.008171999999999999
-0.004085999999999999
-0.008171999999999999
-0.004085999999999999
-0.043109999999999996
-0.08621999999999999
-0.043109999999999996
-0.08621999999999999
-0.17243999999999998
-0.08621999999999999
-0.043109999999999996
-0.08621999999999999
-0.043109999999999996
-0.160362
-0.320724
-0.160362
-0.320724
-0.641448
-0.320724
-0.160362
-0.320724
-0.160362
-0.24555600000000002
-0.49111200000000005
-0.24555600000000002
-0.49111200000000005
-0.9822240000000001
-0.49111200000000005
-0.24555600000000002
-0.49111200000000005
-0.24555600000000002
-0.173682
-0.347364
-0.173682
-0.347364
-0.694728
-0.347364
-0.173682
-0.347364
-0.173682
-0.084114
-0.168228
-0.084114
-0.168228
-0.336456
-0.168228
-0.084114
-0.168228
-0.084114
-0.062802
-0.125604
-0.062802
-0.125604
-0.251208
-0.125604
-0.062802
-0.125604
-0.062802
-0.058751999999999985
-0.11750399999999997
-0.058751999999999985
-0.11750399999999997
-0.23500799999999994
-0.11750399999999997
-0.058751999999999985
-0.11750399999999997
-0.058751999999999985
-0.03096
-0.06192
-0.03096
-0.06192
-0.12384
-0.06192
-0.03096
-0.06192
-0.03096
