90
-0.00035999999999999997
-0.0007199999999999999
-0.00035999999999999997
-0.0007199999999999999
-0.0014399999999999999
-0.0007199999999999999
-0.00035999999999999997
-0.0007199999999999999
-0.00035999999999999997
-0.005525999999999999
-0.011051999999999998
-0.005525999999999999
-0.011051999999999998
-0.022103999999999995
-0.011051999999999998
-0.005525999999999999
-0.011051999999999998
-0.005525999999999999
-0.04779
-0.09558
-0.04779
-0.09558
-0.19116
-0.09558
-0.04779
-0.09558
-0.04779
-0.16840799999999997
-0.33681599999999995
-0.16840799999999997
-0.33681599999999995
-0.6736319999999999
-0.33681599999999995
-0.16840799999999997
-0.33681599999999995
-0.16840799999999997
-0.209376
-0.418752
-0.209376
-0.418752
-0.837504
-0.418752
-0.209376
-0.418752
-0.209376
-0.126036
-0.252072
-0.126036
-0.252072
-0.504144
-0.252072
-0.126036
-0.252072
-0.126036
-0.07459199999999998
-0.14918399999999996
-0.07459199999999998
-0.14918399999999996
-0.2983679999999999
-0.14918399999999996
-0.07459199999999998
-0.14918399999999996
-0.07459199999999998
-0.059274
-0.118548
-0.059274
-0.118548
-0.237096
-0.118548
-0.059274
-0.118548
-0.059274
-0.066186
-0.132372
-0.066186
-0.132372
-0.264744
-0.132372
-0.066186
-0.132372
-0.066186
-0.039060000000000004
-0.07812000000000001
-0.039060000000000004
-0.07812000000000001
-0.15624000000000002
-0.07812000000000001
-0.039060000000000004
-0.07812000000000001
-0.039060000000000004
