90
-0.00035999999999999997
-0.0007199999999999999
-0.00035999999999999997
-0.0007199999999999999
-0.0014399999999999999
-0.0007199999999999999
-0.00035999999999999997
-0.0007199999999999999
-0.00035999999999999997
-0.0071460000000000004
-0.014292000000000001
-0.0071460000000000004
-0.014292000000000001
-0.028584000000000002
-0.014292000000000001
-0.0071460000000000004
-0.014292000000000001
-0.0071460000000000004
-0.052488
-0.104976
-0.052488
-0.104976
-0.209952
-0.104976
-0.052488
-0.104976
-0.052488
-0.17604000000000003
-0.35208000000000006
-0.17604000000000003
-0.35208000000000006
-0.7041600000000001
-0.35208000000000006
-0.17604000000000003
-0.35208000000000006
-0.17604000000000003
-0.194886
-0.389772
-0.194886
-0.389772
-0.779544
-0.389772
-0.194886
-0.389772
-0.194886
-0.10206
-0.20412
-0.10206
-0.20412
-0.40824
-0.20412
-0.10206
-0.20412
-0.10206
-0.067284
-0.134568
-0.067284
-0.134568
-0.269136
-0.134568
-0.067284
-0.134568
-0.067284
-0.05729399999999999
-0.11458799999999998
-0.05729399999999999
-0.11458799999999998
-0.22917599999999996
-0.11458799999999998
-0.05729399999999999
-0.11458799999999998
-0.05729399999999999
-0.065142
-0.130284
-0.065142
-0.130284
-0.260568
-0.130284
-0.065142
-0.130284
-0.065142
-0.03762
-0.07524
-0.03762
-0.07524
-0.15048
-0.07524
-0.03762
-0.07524
-0.03762
