90
-0.00035999999999999997
-0.0007199999999999999
-0.00035999999999999997
-0.0007199999999999999
-0.0014399999999999999
-0.0007199999999999999
-0.00035999999999999997
-0.0007199999999999999
-0.00035999999999999997
-0.008910000000000001
-0.017820000000000003
-0.008910000000000001
-0.017820000000000003
-0.035640000000000005
-0.017820000000000003
-0.008910000000000001
-0.017820000000000003
-0.008910000000000001
-0.05720399999999999
-0.11440799999999998
-0.05720399999999999
-0.11440799999999998
-0.22881599999999996
-0.11440799999999998
-0.05720399999999999
-0.11440799999999998
-0.05720399999999999
-0.18336599999999997
-0.36673199999999995
-0.18336599999999997
-0.36673199999999995
-0.7334639999999999
-0.36673199999999995
-0.18336599999999997
-0.36673199999999995
-0.18336599999999997
-0.187686
-0.375372
-0.187686
-0.375372
-0.750744
-0.375372
-0.187686
-0.375372
-0.187686
-0.08665200000000002
-0.17330400000000004
-0.08665200000000002
-0.17330400000000004
-0.3466080000000001
-0.17330400000000004
-0.08665200000000002
-0.17330400000000004
-0.08665200000000002
-0.061434
-0.122868
-0.061434
-0.122868
-0.245736
-0.122868
-0.061434
-0.122868
-0.061434
-0.05542199999999999
-0.11084399999999998
-0.05542199999999999
-0.11084399999999998
-0.22168799999999997
-0.11084399999999998
-0.05542199999999999
-0.11084399999999998
-0.05542199999999999
-0.062046
-0.124092
-0.062046
-0.124092
-0.248184
-0.124092
-0.062046
-0.124092
-0.062046
-0.034379999999999994
-0.06875999999999999
-0.034379999999999994
-0.06875999999999999
-0.13751999999999998
-0.06875999999999999
-0.034379999999999994
-0.06875999999999999
-0.034379999999999994
