90
-0.00035999999999999997
-0.0007199999999999999
-0.00035999999999999997
-0.0007199999999999999
-0.0014399999999999999
-0.0007199999999999999
-0.00035999999999999997
-0.0007199999999999999
-0.00035999999999999997
-0.010908000000000001
-0.021816000000000002
-0.010908000000000001
-0.021816000000000002
-0.043632000000000004
-0.021816000000000002
-0.010908000000000001
-0.021816000000000002
-0.010908000000000001
-0.062172
-0.124344
-0.062172
-0.124344
-0.248688
-0.124344
-0.062172
-0.124344
-0.062172
-0.19076400000000002
-0.38152800000000003
-0.19076400000000002
-0.38152800000000003
-0.7630560000000001
-0.38152800000000003
-0.19076400000000002
-0.38152800000000003
-0.19076400000000002
-0.18448200000000003
-0.36896400000000007
-0.18448200000000003
-0.36896400000000007
-0.7379280000000001
-0.36896400000000007
-0.18448200000000003
-0.36896400000000007
-0.18448200000000003
-0.075996
-0.151992
-0.075996
-0.151992
-0.303984
-0.151992
-0.075996
-0.151992
-0.075996
-0.056718000000000005
-0.11343600000000001
-0.056718000000000005
-0.11343600000000001
-0.22687200000000002
-0.11343600000000001
-0.056718000000000005
-0.11343600000000001
-0.056718000000000005
-0.053405999999999995
-0.10681199999999999
-0.053405999999999995
-0.10681199999999999
-0.21362399999999998
-0.10681199999999999
-0.053405999999999995
-0.10681199999999999
-0.053405999999999995
-0.05812199999999999
-0.11624399999999999
-0.05812199999999999
-0.11624399999999999
-0.23248799999999997
-0.11624399999999999
-0.05812199999999999
-0.11624399999999999
-0.05812199999999999
-0.030780000000000002
-0.061560000000000004
-0.030780000000000002
-0.061560000000000004
-0.12312000000000001
-0.061560000000000004
-0.030780000000000002
-0.061560000000000004
-0.030780000000000002
