90
-0.00035999999999999997
-0.0007199999999999999
-0.00035999999999999997
-0.0007199999999999999
-0.0014399999999999999
-0.0007199999999999999
-0.00035999999999999997
-0.0007199999999999999
-0.00035999999999999997
-0.013014000000000001
-0.026028000000000003
-0.013014000000000001
-0.026028000000000003
-0.052056000000000005
-0.026028000000000003
-0.013014000000000001
-0.026028000000000003
-0.013014000000000001
-0.06705000000000001
-0.13410000000000002
-0.06705000000000001
-0.13410000000000002
-0.26820000000000005
-0.13410000000000002
-0.06705000000000001
-0.13410000000000002
-0.06705000000000001
-0.197442
-0.394884
-0.197442
-0.394884
-0.789768
-0.394884
-0.197442
-0.394884
-0.197442
-0.18280800000000003
-0.36561600000000005
-0.18280800000000003
-0.36561600000000005
-0.7312320000000001
-0.36561600000000005
-0.18280800000000003
-0.36561600000000005
-0.18280800000000003
-0.067896
-0.135792
-0.067896
-0.135792
-0.271584
-0.135792
-0.067896
-0.135792
-0.067896
-0.052524
-0.105048
-0.052524
-0.105048
-0.210096
-0.105048
-0.052524
-0.105048
-0.052524
-0.051318
-0.102636
-0.051318
-0.102636
-0.205272
-0.102636
-0.051318
-0.102636
-0.051318
-0.054467999999999996
-0.10893599999999999
-0.054467999999999996
-0.10893599999999999
-0.21787199999999998
-0.10893599999999999
-0.054467999999999996
-0.10893599999999999
-0.054467999999999996
-0.02754
-0.05508
-0.02754
-0.05508
-0.11016
-0.05508
-0.02754
-0.05508
-0.02754
