90
-0.00035999999999999997
-0.0007199999999999999
-0.00035999999999999997
-0.0007199999999999999
-0.0014399999999999999
-0.0007199999999999999
-0.00035999999999999997
-0.0007199999999999999
-0.00035999999999999997
-0.015372
-0.030744
-0.015372
-0.030744
-0.061488
-0.030744
-0.015372
-0.030744
-0.015372
-0.07223399999999999
-0.14446799999999999
-0.07223399999999999
-0.14446799999999999
-0.28893599999999997
-0.14446799999999999
-0.07223399999999999
-0.14446799999999999
-0.07223399999999999
-0.18036000000000002
-0.36072000000000004
-0.18036000000000002
-0.36072000000000004
-0.7214400000000001
-0.36072000000000004
-0.18036000000000002
-0.36072000000000004
-0.18036000000000002
-0.158688
-0.317376
-0.158688
-0.317376
-0.634752
-0.317376
-0.158688
-0.317376
-0.158688
-0.06161400000000001
-0.12322800000000002
-0.06161400000000001
-0.12322800000000002
-0.24645600000000004
-0.12322800000000002
-0.06161400000000001
-0.12322800000000002
-0.06161400000000001
-0.049158
-0.098316
-0.049158
-0.098316
-0.196632
-0.098316
-0.049158
-0.098316
-0.049158
-0.04942799999999999
-0.09885599999999999
-0.04942799999999999
-0.09885599999999999
-0.19771199999999997
-0.09885599999999999
-0.04942799999999999
-0.09885599999999999
-0.04942799999999999
-0.050814
-0.101628
-0.050814
-0.101628
-0.203256
-0.101628
-0.050814
-0.101628
-0.050814
-0.024480000000000002
-0.048960000000000004
-0.024480000000000002
-0.048960000000000004
-0.09792000000000001
-0.048960000000000004
-0.024480000000000002
-0.048960000000000004
-0.024480000000000002
