90
-0.00035999999999999997
-0.0007199999999999999
-0.00035999999999999997
-0.0007199999999999999
-0.0014399999999999999
-0.0007199999999999999
-0.00035999999999999997
-0.0007199999999999999
-0.00035999999999999997
-0.017478
-0.034956
-0.017478
-0.034956
-0.069912
-0.034956
-0.017478
-0.034956
-0.017478
-0.07666200000000001
-0.15332400000000002
-0.07666200000000001
-0.15332400000000002
-0.30664800000000003
-0.15332400000000002
-0.07666200000000001
-0.15332400000000002
-0.07666200000000001
-0.14184
-0.28368
-0.14184
-0.28368
-0.56736
-0.28368
-0.14184
-0.28368
-0.14184
-0.114372
-0.228744
-0.114372
-0.228744
-0.457488
-0.228744
-0.114372
-0.228744
-0.114372
-0.05630399999999999
-0.11260799999999999
-0.05630399999999999
-0.11260799999999999
-0.22521599999999997
-0.11260799999999999
-0.05630399999999999
-0.11260799999999999
-0.05630399999999999
-0.046116
-0.092232
-0.046116
-0.092232
-0.184464
-0.092232
-0.046116
-0.092232
-0.046116
-0.047286
-0.094572
-0.047286
-0.094572
-0.189144
-0.094572
-0.047286
-0.094572
-0.047286
-0.047178
-0.094356
-0.047178
-0.094356
-0.188712
-0.094356
-0.047178
-0.094356
-0.047178
-0.02178
-0.04356
-0.02178
-0.04356
-0.08712
-0.04356
-0.02178
-0.04356
-0.02178
