90
-0.00035999999999999997
-0.0007199999999999999
-0.00035999999999999997
-0.0007199999999999999
-0.0014399999999999999
-0.0007199999999999999
-0.00035999999999999997
-0.0007199999999999999
-0.00035999999999999997
-0.019566
-0.039132
-0.019566
-0.039132
-0.078264
-0.039132
-0.019566
-0.039132
-0.019566
-0.08087400000000002
-0.16174800000000003
-0.08087400000000002
-0.16174800000000003
-0.32349600000000006
-0.16174800000000003
-0.08087400000000002
-0.16174800000000003
-0.08087400000000002
-0.124884
-0.249768
-0.124884
-0.249768
-0.499536
-0.249768
-0.124884
-0.249768
-0.124884
-0.092466
-0.184932
-0.092466
-0.184932
-0.369864
-0.184932
-0.092466
-0.184932
-0.092466
-0.051893999999999996
-0.10378799999999999
-0.051893999999999996
-0.10378799999999999
-0.20757599999999998
-0.10378799999999999
-0.051893999999999996
-0.10378799999999999
-0.051893999999999996
-0.043452
-0.086904
-0.043452
-0.086904
-0.173808
-0.086904
-0.043452
-0.086904
-0.043452
-0.045378
-0.090756
-0.045378
-0.090756
-0.181512
-0.090756
-0.045378
-0.090756
-0.045378
-0.04401000000000001
-0.08802000000000001
-0.04401000000000001
-0.08802000000000001
-0.17604000000000003
-0.08802000000000001
-0.04401000000000001
-0.08802000000000001
-0.04401000000000001
-0.019440000000000002
-0.038880000000000005
-0.019440000000000002
-0.038880000000000005
-0.07776000000000001
-0.038880000000000005
-0.019440000000000002
-0.038880000000000005
-0.019440000000000002
