90
-0.00035999999999999997
-0.0007199999999999999
-0.00035999999999999997
-0.0007199999999999999
-0.0014399999999999999
-0.0007199999999999999
-0.00035999999999999997
-0.0007199999999999999
-0.00035999999999999997
-0.021312
-0.042624
-0.021312
-0.042624
-0.085248
-0.042624
-0.021312
-0.042624
-0.021312
-0.084042
-0.168084
-0.084042
-0.168084
-0.336168
-0.168084
-0.084042
-0.168084
-0.084042
-0.114678
-0.229356
-0.114678
-0.229356
-0.458712
-0.229356
-0.114678
-0.229356
-0.114678
-0.07839
-0.15678
-0.07839
-0.15678
-0.31356
-0.15678
-0.07839
-0.15678
-0.07839
-0.047808
-0.095616
-0.047808
-0.095616
-0.191232
-0.095616
-0.047808
-0.095616
-0.047808
-0.040788
-0.081576
-0.040788
-0.081576
-0.163152
-0.081576
-0.040788
-0.081576
-0.040788
-0.04347
-0.08694
-0.04347
-0.08694
-0.17388
-0.08694
-0.04347
-0.08694
-0.04347
-0.040968
-0.081936
-0.040968
-0.081936
-0.163872
-0.081936
-0.040968
-0.081936
-0.040968
-0.01728
-0.03456
-0.01728
-0.03456
-0.06912
-0.03456
-0.01728
-0.03456
-0.01728
