90
-0.00035999999999999997
-0.0007199999999999999
-0.00035999999999999997
-0.0007199999999999999
-0.0014399999999999999
-0.0007199999999999999
-0.00035999999999999997
-0.0007199999999999999
-0.00035999999999999997
-0.022716
-0.045432
-0.022716
-0.045432
-0.090864
-0.045432
-0.022716
-0.045432
-0.022716
-0.08659799999999998
-0.17319599999999996
-0.08659799999999998
-0.17319599999999996
-0.3463919999999999
-0.17319599999999996
-0.08659799999999998
-0.17319599999999996
-0.08659799999999998
-0.107874
-0.215748
-0.107874
-0.215748
-0.431496
-0.215748
-0.107874
-0.215748
-0.107874
-0.06831
-0.13662
-0.06831
-0.13662
-0.27324
-0.13662
-0.06831
-0.13662
-0.06831
-0.04437000000000001
-0.08874000000000001
-0.04437000000000001
-0.08874000000000001
-0.17748000000000003
-0.08874000000000001
-0.04437000000000001
-0.08874000000000001
-0.04437000000000001
-0.038502
-0.077004
-0.038502
-0.077004
-0.154008
-0.077004
-0.038502
-0.077004
-0.038502
-0.041435999999999994
-0.08287199999999999
-0.041435999999999994
-0.08287199999999999
-0.16574399999999997
-0.08287199999999999
-0.041435999999999994
-0.08287199999999999
-0.041435999999999994
-0.037926
-0.075852
-0.037926
-0.075852
-0.151704
-0.075852
-0.037926
-0.075852
-0.037926
-0.015300000000000001
-0.030600000000000002
-0.015300000000000001
-0.030600000000000002
-0.061200000000000004
-0.030600000000000002
-0.015300000000000001
-0.030600000000000002
-0.015300000000000001
