90
-0.00035999999999999997
-0.0007199999999999999
-0.00035999999999999997
-0.0007199999999999999
-0.0014399999999999999
-0.0007199999999999999
-0.00035999999999999997
-0.0007199999999999999
-0.00035999999999999997
-0.023814
-0.047628
-0.023814
-0.047628
-0.095256
-0.047628
-0.023814
-0.047628
-0.023814
-0.088524
-0.177048
-0.088524
-0.177048
-0.354096
-0.177048
-0.088524
-0.177048
-0.088524
-0.10287
-0.20574
-0.10287
-0.20574
-0.41148
-0.20574
-0.10287
-0.20574
-0.10287
-0.060624
-0.121248
-0.060624
-0.121248
-0.242496
-0.121248
-0.060624
-0.121248
-0.060624
-0.041328
-0.082656
-0.041328
-0.082656
-0.165312
-0.082656
-0.041328
-0.082656
-0.041328
-0.036414
-0.072828
-0.036414
-0.072828
-0.145656
-0.072828
-0.036414
-0.072828
-0.036414
-0.039672
-0.079344
-0.039672
-0.079344
-0.158688
-0.079344
-0.039672
-0.079344
-0.039672
-0.035262
-0.070524
-0.035262
-0.070524
-0.141048
-0.070524
-0.035262
-0.070524
-0.035262
-0.013499999999999998
-0.026999999999999996
-0.013499999999999998
-0.026999999999999996
-0.05399999999999999
-0.026999999999999996
-0.013499999999999998
-0.026999999999999996
-0.013499999999999998
