90
-0.00035999999999999997
-0.0007199999999999999
-0.00035999999999999997
-0.0007199999999999999
-0.0014399999999999999
-0.0007199999999999999
-0.00035999999999999997
-0.0007199999999999999
-0.00035999999999999997
-0.024641999999999997
-0.049283999999999994
-0.024641999999999997
-0.049283999999999994
-0.09856799999999999
-0.049283999999999994
-0.024641999999999997
-0.049283999999999994
-0.024641999999999997
-0.08990999999999999
-0.17981999999999998
-0.08990999999999999
-0.17981999999999998
-0.35963999999999996
-0.17981999999999998
-0.08990999999999999
-0.17981999999999998
-0.08990999999999999
-0.09894599999999998
-0.19789199999999996
-0.09894599999999998
-0.19789199999999996
-0.3957839999999999
-0.19789199999999996
-0.09894599999999998
-0.19789199999999996
-0.09894599999999998
-0.05452200000000001
-0.10904400000000002
-0.05452200000000001
-0.10904400000000002
-0.21808800000000003
-0.10904400000000002
-0.05452200000000001
-0.10904400000000002
-0.05452200000000001
-0.038628
-0.077256
-0.038628
-0.077256
-0.154512
-0.077256
-0.038628
-0.077256
-0.038628
-0.034326
-0.068652
-0.034326
-0.068652
-0.137304
-0.068652
-0.034326
-0.068652
-0.034326
-0.037656
-0.075312
-0.037656
-0.075312
-0.150624
-0.075312
-0.037656
-0.075312
-0.037656
-0.032634
-0.065268
-0.032634
-0.065268
-0.130536
-0.065268
-0.032634
-0.065268
-0.032634
-0.01188
-0.02376
-0.01188
-0.02376
-0.04752
-0.02376
-0.01188
-0.02376
-0.01188
