90
-0.00035999999999999997
-0.0007199999999999999
-0.00035999999999999997
-0.0007199999999999999
-0.0014399999999999999
-0.0007199999999999999
-0.00035999999999999997
-0.0007199999999999999
-0.00035999999999999997
-0.025002
-0.050004
-0.025002
-0.050004
-0.100008
-0.050004
-0.025002
-0.050004
-0.025002
-0.09044999999999999
-0.18089999999999998
-0.09044999999999999
-0.18089999999999998
-0.36179999999999995
-0.18089999999999998
-0.09044999999999999
-0.18089999999999998
-0.09044999999999999
-0.095526
-0.191052
-0.095526
-0.191052
-0.382104
-0.191052
-0.095526
-0.191052
-0.095526
-0.049464
-0.098928
-0.049464
-0.098928
-0.197856
-0.098928
-0.049464
-0.098928
-0.049464
-0.03618
-0.07236
-0.03618
-0.07236
-0.14472
-0.07236
-0.03618
-0.07236
-0.03618
-0.032562
-0.065124
-0.032562
-0.065124
-0.130248
-0.065124
-0.032562
-0.065124
-0.032562
-0.036090000000000004
-0.07218000000000001
-0.036090000000000004
-0.07218000000000001
-0.14436000000000002
-0.07218000000000001
-0.036090000000000004
-0.07218000000000001
-0.036090000000000004
-0.04228199999999999
-0.08456399999999999
-0.04228199999999999
-0.08456399999999999
-0.16912799999999997
-0.08456399999999999
-0.04228199999999999
-0.08456399999999999
-0.04228199999999999
-0.02232
-0.04464
-0.02232
-0.04464
-0.08928
-0.04464
-0.02232
-0.04464
-0.02232
