90
-0.00035999999999999997
-0.0007199999999999999
-0.00035999999999999997
-0.0007199999999999999
-0.0014399999999999999
-0.0007199999999999999
-0.00035999999999999997
-0.0007199999999999999
-0.00035999999999999997
-0.022896000000000003
-0.045792000000000006
-0.022896000000000003
-0.045792000000000006
-0.09158400000000001
-0.045792000000000006
-0.022896000000000003
-0.045792000000000006
-0.022896000000000003
-0.08199000000000001
-0.16398000000000001
-0.08199000000000001
-0.16398000000000001
-0.32796000000000003
-0.16398000000000001
-0.08199000000000001
-0.16398000000000001
-0.08199000000000001
-0.083664
-0.167328
-0.083664
-0.167328
-0.334656
-0.167328
-0.083664
-0.167328
-0.083664
-0.04091399999999999
-0.08182799999999998
-0.04091399999999999
-0.08182799999999998
-0.16365599999999997
-0.08182799999999998
-0.04091399999999999
-0.08182799999999998
-0.04091399999999999
-0.030798000000000006
-0.06159600000000001
-0.030798000000000006
-0.06159600000000001
-0.12319200000000002
-0.06159600000000001
-0.030798000000000006
-0.06159600000000001
-0.030798000000000006
-0.028278
-0.056556
-0.028278
-0.056556
-0.113112
-0.056556
-0.028278
-0.056556
-0.028278
-0.032687999999999995
-0.06537599999999999
-0.032687999999999995
-0.06537599999999999
-0.13075199999999998
-0.06537599999999999
-0.032687999999999995
-0.06537599999999999
-0.032687999999999995
-0.055403999999999995
-0.11080799999999999
-0.055403999999999995
-0.11080799999999999
-0.22161599999999998
-0.11080799999999999
-0.055403999999999995
-0.11080799999999999
-0.055403999999999995
-0.036899999999999995
-0.07379999999999999
-0.036899999999999995
-0.07379999999999999
-0.14759999999999998
-0.07379999999999999
-0.036899999999999995
-0.07379999999999999
-0.036899999999999995
