90
-0.000378
-0.000756
-0.000378
-0.000756
-0.001512
-0.000756
-0.000378
-0.000756
-0.000378
-0.016686
-0.033372
-0.016686
-0.033372
-0.066744
-0.033372
-0.016686
-0.033372
-0.016686
-0.058644
-0.117288
-0.058644
-0.117288
-0.234576
-0.117288
-0.058644
-0.117288
-0.058644
-0.058230000000000004
-0.11646000000000001
-0.058230000000000004
-0.11646000000000001
-0.23292000000000002
-0.11646000000000001
-0.058230000000000004
-0.11646000000000001
-0.058230000000000004
-0.027252000000000002
-0.054504000000000004
-0.027252000000000002
-0.054504000000000004
-0.10900800000000001
-0.054504000000000004
-0.027252000000000002
-0.054504000000000004
-0.027252000000000002
-0.02115
-0.0423
-0.02115
-0.0423
-0.0846
-0.0423
-0.02115
-0.0423
-0.02115
-0.020304
-0.040608
-0.020304
-0.040608
-0.081216
-0.040608
-0.020304
-0.040608
-0.020304
-0.026694000000000002
-0.053388000000000005
-0.026694000000000002
-0.053388000000000005
-0.10677600000000001
-0.053388000000000005
-0.026694000000000002
-0.053388000000000005
-0.026694000000000002
-0.067302
-0.134604
-0.067302
-0.134604
-0.269208
-0.134604
-0.067302
-0.134604
-0.067302
-0.05111999999999999
-0.10223999999999998
-0.05111999999999999
-0.10223999999999998
-0.20447999999999997
-0.10223999999999998
-0.05111999999999999
-0.10223999999999998
-0.05111999999999999
