90
-0.00039600000000000003
-0.0007920000000000001
-0.00039600000000000003
-0.0007920000000000001
-0.0015840000000000001
-0.0007920000000000001
-0.00039600000000000003
-0.0007920000000000001
-0.00039600000000000003
-0.018396
-0.036792
-0.018396
-0.036792
-0.073584
-0.036792
-0.018396
-0.036792
-0.018396
-0.064566
-0.129132
-0.064566
-0.129132
-0.258264
-0.129132
-0.064566
-0.129132
-0.064566
-0.06309
-0.12618
-0.06309
-0.12618
-0.25236
-0.12618
-0.06309
-0.12618
-0.06309
-0.028494
-0.056988
-0.028494
-0.056988
-0.113976
-0.056988
-0.028494
-0.056988
-0.028494
-0.022302000000000002
-0.044604000000000005
-0.022302000000000002
-0.044604000000000005
-0.08920800000000001
-0.044604000000000005
-0.022302000000000002
-0.044604000000000005
-0.022302000000000002
-0.021312
-0.042624
-0.021312
-0.042624
-0.085248
-0.042624
-0.021312
-0.042624
-0.021312
-0.030816000000000003
-0.061632000000000006
-0.030816000000000003
-0.061632000000000006
-0.12326400000000001
-0.061632000000000006
-0.030816000000000003
-0.061632000000000006
-0.030816000000000003
-0.07851600000000002
-0.15703200000000003
-0.07851600000000002
-0.15703200000000003
-0.31406400000000007
-0.15703200000000003
-0.07851600000000002
-0.15703200000000003
-0.07851600000000002
-0.05868
-0.11736
-0.05868
-0.11736
-0.23472
-0.11736
-0.05868
-0.11736
-0.05868
