90
-0.000414
-0.000828
-0.000414
-0.000828
-0.001656
-0.000828
-0.000414
-0.000828
-0.000414
-0.02601
-0.05202
-0.02601
-0.05202
-0.10404
-0.05202
-0.02601
-0.05202
-0.02601
-0.091872
-0.183744
-0.091872
-0.183744
-0.367488
-0.183744
-0.091872
-0.183744
-0.091872
-0.08838000000000001
-0.17676000000000003
-0.08838000000000001
-0.17676000000000003
-0.35352000000000006
-0.17676000000000003
-0.08838000000000001
-0.17676000000000003
-0.08838000000000001
-0.038268
-0.076536
-0.038268
-0.076536
-0.153072
-0.076536
-0.038268
-0.076536
-0.038268
-0.030024
-0.060048
-0.030024
-0.060048
-0.120096
-0.060048
-0.030024
-0.060048
-0.030024
-0.027846
-0.055692
-0.027846
-0.055692
-0.111384
-0.055692
-0.027846
-0.055692
-0.027846
-0.04384799999999999
-0.08769599999999998
-0.04384799999999999
-0.08769599999999998
-0.17539199999999996
-0.08769599999999998
-0.04384799999999999
-0.08769599999999998
-0.04384799999999999
-0.082782
-0.165564
-0.082782
-0.165564
-0.331128
-0.165564
-0.082782
-0.165564
-0.082782
-0.052919999999999995
-0.10583999999999999
-0.052919999999999995
-0.10583999999999999
-0.21167999999999998
-0.10583999999999999
-0.052919999999999995
-0.10583999999999999
-0.052919999999999995
