90
-0.00043200000000000004
-0.0008640000000000001
-0.00043200000000000004
-0.0008640000000000001
-0.0017280000000000002
-0.0008640000000000001
-0.00043200000000000004
-0.0008640000000000001
-0.00043200000000000004
-0.020664
-0.041328
-0.020664
-0.041328
-0.082656
-0.041328
-0.020664
-0.041328
-0.020664
-0.07209
-0.14418
-0.07209
-0.14418
-0.28836
-0.14418
-0.07209
-0.14418
-0.07209
-0.067914
-0.135828
-0.067914
-0.135828
-0.271656
-0.135828
-0.067914
-0.135828
-0.067914
-0.028116
-0.056232
-0.028116
-0.056232
-0.112464
-0.056232
-0.028116
-0.056232
-0.028116
-0.02259
-0.04518
-0.02259
-0.04518
-0.09036
-0.04518
-0.02259
-0.04518
-0.02259
-0.021672
-0.043344
-0.021672
-0.043344
-0.086688
-0.043344
-0.021672
-0.043344
-0.021672
-0.038700000000000005
-0.07740000000000001
-0.038700000000000005
-0.07740000000000001
-0.15480000000000002
-0.07740000000000001
-0.038700000000000005
-0.07740000000000001
-0.038700000000000005
-0.07561799999999999
-0.15123599999999998
-0.07561799999999999
-0.15123599999999998
-0.30247199999999996
-0.15123599999999998
-0.07561799999999999
-0.15123599999999998
-0.07561799999999999
-0.048060000000000005
-0.09612000000000001
-0.048060000000000005
-0.09612000000000001
-0.19224000000000002
-0.09612000000000001
-0.048060000000000005
-0.09612000000000001
-0.048060000000000005
