90
-0.00044999999999999993
-0.0008999999999999999
-0.00044999999999999993
-0.0008999999999999999
-0.0017999999999999997
-0.0008999999999999999
-0.00044999999999999993
-0.0008999999999999999
-0.00044999999999999993
-0.020376000000000002
-0.040752000000000003
-0.020376000000000002
-0.040752000000000003
-0.08150400000000001
-0.040752000000000003
-0.020376000000000002
-0.040752000000000003
-0.020376000000000002
-0.07079400000000001
-0.14158800000000002
-0.07079400000000001
-0.14158800000000002
-0.28317600000000004
-0.14158800000000002
-0.07079400000000001
-0.14158800000000002
-0.07079400000000001
-0.06577200000000001
-0.13154400000000002
-0.06577200000000001
-0.13154400000000002
-0.26308800000000004
-0.13154400000000002
-0.06577200000000001
-0.13154400000000002
-0.06577200000000001
-0.026262
-0.052524
-0.026262
-0.052524
-0.105048
-0.052524
-0.026262
-0.052524
-0.026262
-0.021348
-0.042696
-0.021348
-0.042696
-0.085392
-0.042696
-0.021348
-0.042696
-0.021348
-0.020682000000000002
-0.041364000000000005
-0.020682000000000002
-0.041364000000000005
-0.08272800000000001
-0.041364000000000005
-0.020682000000000002
-0.041364000000000005
-0.020682000000000002
-0.03934800000000001
-0.07869600000000002
-0.03934800000000001
-0.07869600000000002
-0.15739200000000003
-0.07869600000000002
-0.03934800000000001
-0.07869600000000002
-0.03934800000000001
-0.07167599999999999
-0.14335199999999998
-0.07167599999999999
-0.14335199999999998
-0.28670399999999996
-0.14335199999999998
-0.07167599999999999
-0.14335199999999998
-0.07167599999999999
-0.043019999999999996
-0.08603999999999999
-0.043019999999999996
-0.08603999999999999
-0.17207999999999998
-0.08603999999999999
-0.043019999999999996
-0.08603999999999999
-0.043019999999999996
