90
-0.000486
-0.000972
-0.000486
-0.000972
-0.001944
-0.000972
-0.000486
-0.000972
-0.000486
-0.026460000000000004
-0.05292000000000001
-0.026460000000000004
-0.05292000000000001
-0.10584000000000002
-0.05292000000000001
-0.026460000000000004
-0.05292000000000001
-0.026460000000000004
-0.09239399999999999
-0.18478799999999998
-0.09239399999999999
-0.18478799999999998
-0.36957599999999996
-0.18478799999999998
-0.09239399999999999
-0.18478799999999998
-0.09239399999999999
-0.084816
-0.169632
-0.084816
-0.169632
-0.339264
-0.169632
-0.084816
-0.169632
-0.084816
-0.032544
-0.065088
-0.032544
-0.065088
-0.130176
-0.065088
-0.032544
-0.065088
-0.032544
-0.026496
-0.052992
-0.026496
-0.052992
-0.105984
-0.052992
-0.026496
-0.052992
-0.026496
-0.025074000000000003
-0.050148000000000005
-0.025074000000000003
-0.050148000000000005
-0.10029600000000001
-0.050148000000000005
-0.025074000000000003
-0.050148000000000005
-0.025074000000000003
-0.048258
-0.096516
-0.048258
-0.096516
-0.193032
-0.096516
-0.048258
-0.096516
-0.048258
-0.07387199999999998
-0.14774399999999996
-0.07387199999999998
-0.14774399999999996
-0.2954879999999999
-0.14774399999999996
-0.07387199999999998
-0.14774399999999996
-0.07387199999999998
-0.038340000000000006
-0.07668000000000001
-0.038340000000000006
-0.07668000000000001
-0.15336000000000002
-0.07668000000000001
-0.038340000000000006
-0.07668000000000001
-0.038340000000000006
