90
-0.000504
-0.001008
-0.000504
-0.001008
-0.002016
-0.001008
-0.000504
-0.001008
-0.000504
-0.02655
-0.0531
-0.02655
-0.0531
-0.1062
-0.0531
-0.02655
-0.0531
-0.02655
-0.092448
-0.184896
-0.092448
-0.184896
-0.369792
-0.184896
-0.092448
-0.184896
-0.092448
-0.083664
-0.167328
-0.083664
-0.167328
-0.334656
-0.167328
-0.083664
-0.167328
-0.083664
-0.030744
-0.061488
-0.030744
-0.061488
-0.122976
-0.061488
-0.030744
-0.061488
-0.030744
-0.025325999999999998
-0.050651999999999996
-0.025325999999999998
-0.050651999999999996
-0.10130399999999999
-0.050651999999999996
-0.025325999999999998
-0.050651999999999996
-0.025325999999999998
-0.024138
-0.048276
-0.024138
-0.048276
-0.096552
-0.048276
-0.024138
-0.048276
-0.024138
-0.046728000000000006
-0.09345600000000001
-0.046728000000000006
-0.09345600000000001
-0.18691200000000002
-0.09345600000000001
-0.046728000000000006
-0.09345600000000001
-0.046728000000000006
-0.068454
-0.136908
-0.068454
-0.136908
-0.273816
-0.136908
-0.068454
-0.136908
-0.068454
-0.034019999999999995
-0.06803999999999999
-0.034019999999999995
-0.06803999999999999
-0.13607999999999998
-0.06803999999999999
-0.034019999999999995
-0.06803999999999999
-0.034019999999999995
