90
-0.000414
-0.000828
-0.000414
-0.000828
-0.001656
-0.000828
-0.000414
-0.000828
-0.000414
-0.010260000000000002
-0.020520000000000004
-0.010260000000000002
-0.020520000000000004
-0.04104000000000001
-0.020520000000000004
-0.010260000000000002
-0.020520000000000004
-0.010260000000000002
-0.034272000000000004
-0.06854400000000001
-0.034272000000000004
-0.06854400000000001
-0.13708800000000002
-0.06854400000000001
-0.034272000000000004
-0.06854400000000001
-0.034272000000000004
-0.030582
-0.061164
-0.030582
-0.061164
-0.122328
-0.061164
-0.030582
-0.061164
-0.030582
-0.011196000000000001
-0.022392000000000002
-0.011196000000000001
-0.022392000000000002
-0.044784000000000004
-0.022392000000000002
-0.011196000000000001
-0.022392000000000002
-0.011196000000000001
-0.009756
-0.019512
-0.009756
-0.019512
-0.039024
-0.019512
-0.009756
-0.019512
-0.009756
-0.01089
-0.02178
-0.01089
-0.02178
-0.04356
-0.02178
-0.01089
-0.02178
-0.01089
-0.023777999999999997
-0.047555999999999994
-0.023777999999999997
-0.047555999999999994
-0.09511199999999999
-0.047555999999999994
-0.023777999999999997
-0.047555999999999994
-0.023777999999999997
-0.059904
-0.119808
-0.059904
-0.119808
-0.239616
-0.119808
-0.059904
-0.119808
-0.059904
-0.0423
-0.0846
-0.0423
-0.0846
-0.1692
-0.0846
-0.0423
-0.0846
-0.0423
