90
-0.000468
-0.000936
-0.000468
-0.000936
-0.001872
-0.000936
-0.000468
-0.000936
-0.000468
-0.015372
-0.030744
-0.015372
-0.030744
-0.061488
-0.030744
-0.015372
-0.030744
-0.015372
-0.052344
-0.104688
-0.052344
-0.104688
-0.209376
-0.104688
-0.052344
-0.104688
-0.052344
-0.04653
-0.09306
-0.04653
-0.09306
-0.18612
-0.09306
-0.04653
-0.09306
-0.04653
-0.016434
-0.032868
-0.016434
-0.032868
-0.065736
-0.032868
-0.016434
-0.032868
-0.016434
-0.014039999999999999
-0.028079999999999997
-0.014039999999999999
-0.028079999999999997
-0.056159999999999995
-0.028079999999999997
-0.014039999999999999
-0.028079999999999997
-0.014039999999999999
-0.014544
-0.029088
-0.014544
-0.029088
-0.058176
-0.029088
-0.014544
-0.029088
-0.014544
-0.03173399999999999
-0.06346799999999998
-0.03173399999999999
-0.06346799999999998
-0.12693599999999997
-0.06346799999999998
-0.03173399999999999
-0.06346799999999998
-0.03173399999999999
-0.074286
-0.148572
-0.074286
-0.148572
-0.297144
-0.148572
-0.074286
-0.148572
-0.074286
-0.05040000000000001
-0.10080000000000001
-0.05040000000000001
-0.10080000000000001
-0.20160000000000003
-0.10080000000000001
-0.05040000000000001
-0.10080000000000001
-0.05040000000000001
