90
-0.00044999999999999993
-0.0008999999999999999
-0.00044999999999999993
-0.0008999999999999999
-0.0017999999999999997
-0.0008999999999999999
-0.00044999999999999993
-0.0008999999999999999
-0.00044999999999999993
-0.013338
-0.026676
-0.013338
-0.026676
-0.053352
-0.026676
-0.013338
-0.026676
-0.013338
-0.045090000000000005
-0.09018000000000001
-0.045090000000000005
-0.09018000000000001
-0.18036000000000002
-0.09018000000000001
-0.045090000000000005
-0.09018000000000001
-0.045090000000000005
-0.039816
-0.079632
-0.039816
-0.079632
-0.159264
-0.079632
-0.039816
-0.079632
-0.039816
-0.013842
-0.027684
-0.013842
-0.027684
-0.055368
-0.027684
-0.013842
-0.027684
-0.013842
-0.011988000000000002
-0.023976000000000004
-0.011988000000000002
-0.023976000000000004
-0.04795200000000001
-0.023976000000000004
-0.011988000000000002
-0.023976000000000004
-0.011988000000000002
-0.012780000000000001
-0.025560000000000003
-0.012780000000000001
-0.025560000000000003
-0.051120000000000006
-0.025560000000000003
-0.012780000000000001
-0.025560000000000003
-0.012780000000000001
-0.030474
-0.060948
-0.030474
-0.060948
-0.121896
-0.060948
-0.030474
-0.060948
-0.030474
-0.068634
-0.137268
-0.068634
-0.137268
-0.274536
-0.137268
-0.068634
-0.137268
-0.068634
-0.04518
-0.09036
-0.04518
-0.09036
-0.18072
-0.09036
-0.04518
-0.09036
-0.04518
