90
-0.00043200000000000004
-0.0008640000000000001
-0.00043200000000000004
-0.0008640000000000001
-0.0017280000000000002
-0.0008640000000000001
-0.00043200000000000004
-0.0008640000000000001
-0.00043200000000000004
-0.009936
-0.019872
-0.009936
-0.019872
-0.039744
-0.019872
-0.009936
-0.019872
-0.009936
-0.032957999999999994
-0.06591599999999999
-0.032957999999999994
-0.06591599999999999
-0.13183199999999998
-0.06591599999999999
-0.032957999999999994
-0.06591599999999999
-0.032957999999999994
-0.028926
-0.057852
-0.028926
-0.057852
-0.115704
-0.057852
-0.028926
-0.057852
-0.028926
-0.010044
-0.020088
-0.010044
-0.020088
-0.040176
-0.020088
-0.010044
-0.020088
-0.010044
-0.008910000000000001
-0.017820000000000003
-0.008910000000000001
-0.017820000000000003
-0.035640000000000005
-0.017820000000000003
-0.008910000000000001
-0.017820000000000003
-0.008910000000000001
-0.009971999999999998
-0.019943999999999996
-0.009971999999999998
-0.019943999999999996
-0.03988799999999999
-0.019943999999999996
-0.009971999999999998
-0.019943999999999996
-0.009971999999999998
-0.02583
-0.05166
-0.02583
-0.05166
-0.10332
-0.05166
-0.02583
-0.05166
-0.02583
-0.06033600000000001
-0.12067200000000002
-0.06033600000000001
-0.12067200000000002
-0.24134400000000003
-0.12067200000000002
-0.06033600000000001
-0.12067200000000002
-0.06033600000000001
-0.04014
-0.08028
-0.04014
-0.08028
-0.16056
-0.08028
-0.04014
-0.08028
-0.04014
