90
-0.000414
-0.000828
-0.000414
-0.000828
-0.001656
-0.000828
-0.000414
-0.000828
-0.000414
-0.007290000000000002
-0.014580000000000004
-0.007290000000000002
-0.014580000000000004
-0.02916000000000001
-0.014580000000000004
-0.007290000000000002
-0.014580000000000004
-0.007290000000000002
-0.02358
-0.04716
-0.02358
-0.04716
-0.09432
-0.04716
-0.02358
-0.04716
-0.02358
-0.020610000000000003
-0.04122000000000001
-0.020610000000000003
-0.04122000000000001
-0.08244000000000001
-0.04122000000000001
-0.020610000000000003
-0.04122000000000001
-0.020610000000000003
-0.007253999999999998
-0.014507999999999997
-0.007253999999999998
-0.014507999999999997
-0.029015999999999993
-0.014507999999999997
-0.007253999999999998
-0.014507999999999997
-0.007253999999999998
-0.006642
-0.013284
-0.006642
-0.013284
-0.026568
-0.013284
-0.006642
-0.013284
-0.006642
-0.008028
-0.016056
-0.008028
-0.016056
-0.032112
-0.016056
-0.008028
-0.016056
-0.008028
-0.022014
-0.044028
-0.022014
-0.044028
-0.088056
-0.044028
-0.022014
-0.044028
-0.022014
-0.05904
-0.11808
-0.05904
-0.11808
-0.23616
-0.11808
-0.05904
-0.11808
-0.05904
-0.041760000000000005
-0.08352000000000001
-0.041760000000000005
-0.08352000000000001
-0.16704000000000002
-0.08352000000000001
-0.041760000000000005
-0.08352000000000001
-0.041760000000000005
