90
-0.00039600000000000003
-0.0007920000000000001
-0.00039600000000000003
-0.0007920000000000001
-0.0015840000000000001
-0.0007920000000000001
-0.00039600000000000003
-0.0007920000000000001
-0.00039600000000000003
-0.006012
-0.012024
-0.006012
-0.012024
-0.024048
-0.012024
-0.006012
-0.012024
-0.006012
-0.019044000000000002
-0.038088000000000004
-0.019044000000000002
-0.038088000000000004
-0.07617600000000001
-0.038088000000000004
-0.019044000000000002
-0.038088000000000004
-0.019044000000000002
-0.016596
-0.033192
-0.016596
-0.033192
-0.066384
-0.033192
-0.016596
-0.033192
-0.016596
-0.00594
-0.01188
-0.00594
-0.01188
-0.02376
-0.01188
-0.00594
-0.01188
-0.00594
-0.005562
-0.011124
-0.005562
-0.011124
-0.022248
-0.011124
-0.005562
-0.011124
-0.005562
-0.007091999999999999
-0.014183999999999999
-0.007091999999999999
-0.014183999999999999
-0.028367999999999997
-0.014183999999999999
-0.007091999999999999
-0.014183999999999999
-0.007091999999999999
-0.020556
-0.041112
-0.020556
-0.041112
-0.082224
-0.041112
-0.020556
-0.041112
-0.020556
-0.060354
-0.120708
-0.060354
-0.120708
-0.241416
-0.120708
-0.060354
-0.120708
-0.060354
-0.0441
-0.0882
-0.0441
-0.0882
-0.1764
-0.0882
-0.0441
-0.0882
-0.0441
