90
-0.000378
-0.000756
-0.000378
-0.000756
-0.001512
-0.000756
-0.000378
-0.000756
-0.000378
-0.0031320000000000007
-0.006264000000000001
-0.0031320000000000007
-0.006264000000000001
-0.012528000000000003
-0.006264000000000001
-0.0031320000000000007
-0.006264000000000001
-0.0031320000000000007
-0.008802
-0.017604
-0.008802
-0.017604
-0.035208
-0.017604
-0.008802
-0.017604
-0.008802
-0.007614000000000001
-0.015228000000000002
-0.007614000000000001
-0.015228000000000002
-0.030456000000000004
-0.015228000000000002
-0.007614000000000001
-0.015228000000000002
-0.007614000000000001
-0.0030600000000000002
-0.0061200000000000004
-0.0030600000000000002
-0.0061200000000000004
-0.012240000000000001
-0.0061200000000000004
-0.0030600000000000002
-0.0061200000000000004
-0.0030600000000000002
-0.0032040000000000003
-0.0064080000000000005
-0.0032040000000000003
-0.0064080000000000005
-0.012816000000000001
-0.0064080000000000005
-0.0032040000000000003
-0.0064080000000000005
-0.0032040000000000003
-0.0050940000000000004
-0.010188000000000001
-0.0050940000000000004
-0.010188000000000001
-0.020376000000000002
-0.010188000000000001
-0.0050940000000000004
-0.010188000000000001
-0.0050940000000000004
-0.015929999999999996
-0.03185999999999999
-0.015929999999999996
-0.03185999999999999
-0.06371999999999998
-0.03185999999999999
-0.015929999999999996
-0.03185999999999999
-0.015929999999999996
-0.053226
-0.106452
-0.053226
-0.106452
-0.212904
-0.106452
-0.053226
-0.106452
-0.053226
-0.04068
-0.08136
-0.04068
-0.08136
-0.16272
-0.08136
-0.04068
-0.08136
-0.04068
