90
-0.00035999999999999997
-0.0007199999999999999
-0.00035999999999999997
-0.0007199999999999999
-0.0014399999999999999
-0.0007199999999999999
-0.00035999999999999997
-0.0007199999999999999
-0.00035999999999999997
-0.0011339999999999998
-0.0022679999999999996
-0.0011339999999999998
-0.0022679999999999996
-0.004535999999999999
-0.0022679999999999996
-0.0011339999999999998
-0.0022679999999999996
-0.0011339999999999998
-0.0017280000000000002
-0.0034560000000000003
-0.0017280000000000002
-0.0034560000000000003
-0.006912000000000001
-0.0034560000000000003
-0.0017280000000000002
-0.0034560000000000003
-0.0017280000000000002
-0.0014399999999999999
-0.0028799999999999997
-0.0014399999999999999
-0.0028799999999999997
-0.0057599999999999995
-0.0028799999999999997
-0.0014399999999999999
-0.0028799999999999997
-0.0014399999999999999
-0.0011339999999999998
-0.0022679999999999996
-0.0011339999999999998
-0.0022679999999999996
-0.004535999999999999
-0.0022679999999999996
-0.0011339999999999998
-0.0022679999999999996
-0.0011339999999999998
-0.0016380000000000001
-0.0032760000000000003
-0.0016380000000000001
-0.0032760000000000003
-0.0065520000000000005
-0.0032760000000000003
-0.0016380000000000001
-0.0032760000000000003
-0.0016380000000000001
-0.0037619999999999997
-0.0075239999999999994
-0.0037619999999999997
-0.0075239999999999994
-0.015047999999999999
-0.0075239999999999994
-0.0037619999999999997
-0.0075239999999999994
-0.0037619999999999997
-0.012509999999999999
-0.025019999999999997
-0.012509999999999999
-0.025019999999999997
-0.050039999999999994
-0.025019999999999997
-0.012509999999999999
-0.025019999999999997
-0.012509999999999999
-0.046098
-0.092196
-0.046098
-0.092196
-0.184392
-0.092196
-0.046098
-0.092196
-0.046098
-0.03636
-0.07272
-0.03636
-0.07272
-0.14544
-0.07272
-0.03636
-0.07272
-0.03636
