Title =  "lys_e.mprops/gen_soil2"
# Van Genuchten function parameters:
# Residual water saturation                                  0.100000    
# Alpha (power index)                                         1.43000    
# Beta (power index)                                          1.52000    
# Gamma (computed)                                           0.342105    
# Pore connectivity                                          0.500000    
# Minimum relative permeability                              1.000000E-20
#  Table minimum pressure                                    -1000.00    
#  Table maximum s-k slope                                    100.000    
#  Table smoothness factor                                   1.000000E-07
variables="Pressure","Saturation"
zone t="Pressure - Saturation"
# unsaturated tables
# pressure-saturation
  -1000.00000000000       0.120580948885279     
  -998.046875000000       0.120601882154247     
  -996.093750000000       0.120622877781899     
  -994.140625000000       0.120643936076814     
  -992.187500000000       0.120665057349704     
  -990.234375000000       0.120686241913441     
  -988.281250000000       0.120707490083070     
  -986.328125000000       0.120728802175832     
  -984.375000000000       0.120750178511183     
  -982.421875000000       0.120771619410813     
  -980.468750000000       0.120793125198664     
  -978.515625000000       0.120814696200957     
  -976.562500000000       0.120836332746206     
  -974.609375000000       0.120858035165241     
  -972.656250000000       0.120879803791231     
  -970.703125000000       0.120901638959701     
  -968.750000000000       0.120923541008559     
  -966.796875000000       0.120945510278111     
  -964.843750000000       0.120967547111090     
  -962.890625000000       0.120989651852673     
  -960.937500000000       0.121011824850505     
  -958.984375000000       0.121034066454723     
  -957.031250000000       0.121056377017978     
  -955.078125000000       0.121078756895457     
  -953.125000000000       0.121101206444909     
  -951.171875000000       0.121123726026667     
  -949.218750000000       0.121146316003671     
  -947.265625000000       0.121168976741497     
  -945.312500000000       0.121191708608375     
  -943.359375000000       0.121214511975219     
  -941.406250000000       0.121237387215649     
  -939.453125000000       0.121260334706020     
  -937.500000000000       0.121283354825444     
  -935.546875000000       0.121306447955816     
  -933.593750000000       0.121329614481845     
  -931.640625000000       0.121352854791075     
  -929.687500000000       0.121376169273914     
  -927.734375000000       0.121399558323665     
  -925.781250000000       0.121423022336546     
  -923.828125000000       0.121446561711724     
  -921.875000000000       0.121470176851342     
  -919.921875000000       0.121493868160544     
  -917.968750000000       0.121517636047511     
  -916.015625000000       0.121541480923481     
  -914.062500000000       0.121565403202787     
  -912.109375000000       0.121589403302881     
  -910.156250000000       0.121613481644369     
  -908.203125000000       0.121637638651036     
  -906.250000000000       0.121661874749883     
  -904.296875000000       0.121686190371154     
  -902.343750000000       0.121710585948370     
  -900.390625000000       0.121735061918360     
  -898.437500000000       0.121759618721294     
  -896.484375000000       0.121784256800715     
  -894.531250000000       0.121808976603573     
  -892.578125000000       0.121833778580261     
  -890.625000000000       0.121858663184643     
  -888.671875000000       0.121883630874096     
  -886.718750000000       0.121908682109538     
  -884.765625000000       0.121933817355469     
  -882.812500000000       0.121959037080002     
  -880.859375000000       0.121984341754904     
  -878.906250000000       0.122009731855628     
  -876.953125000000       0.122035207861353     
  -875.000000000000       0.122060770255022     
  -873.046875000000       0.122086419523377     
  -871.093750000000       0.122112156157000     
  -869.140625000000       0.122137980650352     
  -867.187500000000       0.122163893501811     
  -865.234375000000       0.122189895213713     
  -863.281250000000       0.122215986292393     
  -861.328125000000       0.122242167248223     
  -859.375000000000       0.122268438595658     
  -857.421875000000       0.122294800853274     
  -855.468750000000       0.122321254543814     
  -853.515625000000       0.122347800194226     
  -851.562500000000       0.122374438335712     
  -849.609375000000       0.122401169503771     
  -847.656250000000       0.122427994238240     
  -845.703125000000       0.122454913083344     
  -843.750000000000       0.122481926587737     
  -841.796875000000       0.122509035304556     
  -839.843750000000       0.122536239791458     
  -837.890625000000       0.122563540610678     
  -835.937500000000       0.122590938329067     
  -833.984375000000       0.122618433518150     
  -832.031250000000       0.122646026754170     
  -830.078125000000       0.122673718618140     
  -828.125000000000       0.122701509695894     
  -826.171875000000       0.122729400578138     
  -824.218750000000       0.122757391860501     
  -822.265625000000       0.122785484143591     
  -820.312500000000       0.122813678033045     
  -818.359375000000       0.122841974139585     
  -816.406250000000       0.122870373079075     
  -814.453125000000       0.122898875472571     
  -812.500000000000       0.122927481946383     
  -810.546875000000       0.122956193132129     
  -808.593750000000       0.122985009666796     
  -806.640625000000       0.123013932192794     
  -804.687500000000       0.123042961358020     
  -802.734375000000       0.123072097815915     
  -800.781250000000       0.123101342225527     
  -798.828125000000       0.123130695251574     
  -796.875000000000       0.123160157564503     
  -794.921875000000       0.123189729840557     
  -792.968750000000       0.123219412761838     
  -791.015625000000       0.123249207016373     
  -789.062500000000       0.123279113298179     
  -787.109375000000       0.123309132307331     
  -785.156250000000       0.123339264750033     
  -783.203125000000       0.123369511338679     
  -781.250000000000       0.123399872791933     
  -779.296875000000       0.123430349834792     
  -777.343750000000       0.123460943198661     
  -775.390625000000       0.123491653621428     
  -773.437500000000       0.123522481847534     
  -771.484375000000       0.123553428628049     
  -769.531250000000       0.123584494720751     
  -767.578125000000       0.123615680890198     
  -765.625000000000       0.123646987907812     
  -763.671875000000       0.123678416551953     
  -761.718750000000       0.123709967608002     
  -759.765625000000       0.123741641868442     
  -757.812500000000       0.123773440132942     
  -755.859375000000       0.123805363208438     
  -753.906250000000       0.123837411909221     
  -751.953125000000       0.123869587057021     
  -750.000000000000       0.123901889481096     
  -748.046875000000       0.123934320018320     
  -746.093750000000       0.123966879513273     
  -744.140625000000       0.123999568818334     
  -742.187500000000       0.124032388793771     
  -740.234375000000       0.124065340307838     
  -738.281250000000       0.124098424236866     
  -736.328125000000       0.124131641465365     
  -734.375000000000       0.124164992886120     
  -732.421875000000       0.124198479400289     
  -730.468750000000       0.124232101917506     
  -728.515625000000       0.124265861355985     
  -726.562500000000       0.124299758642620     
  -724.609375000000       0.124333794713095     
  -722.656250000000       0.124367970511988     
  -720.703125000000       0.124402286992882     
  -718.750000000000       0.124436745118477     
  -716.796875000000       0.124471345860695     
  -714.843750000000       0.124506090200804     
  -712.890625000000       0.124540979129526     
  -710.937500000000       0.124576013647156     
  -708.984375000000       0.124611194763685     
  -707.031250000000       0.124646523498915     
  -705.078125000000       0.124682000882585     
  -703.125000000000       0.124717627954498     
  -701.171875000000       0.124753405764642     
  -699.218750000000       0.124789335373322     
  -697.265625000000       0.124825417851291     
  -695.312500000000       0.124861654279882     
  -693.359375000000       0.124898045751141     
  -691.406250000000       0.124934593367964     
  -689.453125000000       0.124971298244239     
  -687.500000000000       0.125008161504983     
  -685.546875000000       0.125045184286488     
  -683.593750000000       0.125082367736464     
  -681.640625000000       0.125119713014190     
  -679.687500000000       0.125157221290662     
  -677.734375000000       0.125194893748743     
  -675.781250000000       0.125232731583326     
  -673.828125000000       0.125270736001482     
  -671.875000000000       0.125308908222625     
  -669.921875000000       0.125347249478675     
  -667.968750000000       0.125385761014222     
  -666.015625000000       0.125424444086691     
  -664.062500000000       0.125463299966517     
  -662.109375000000       0.125502329937318     
  -660.156250000000       0.125541535296067     
  -658.203125000000       0.125580917353275     
  -656.250000000000       0.125620477433171     
  -654.296875000000       0.125660216873888     
  -652.343750000000       0.125700137027650     
  -650.390625000000       0.125740239260966     
  -648.437500000000       0.125780524954818     
  -646.484375000000       0.125820995504865     
  -644.531250000000       0.125861652321642     
  -642.578125000000       0.125902496830763     
  -640.625000000000       0.125943530473127     
  -638.671875000000       0.125984754705135     
  -636.718750000000       0.126026170998899     
  -634.765625000000       0.126067780842462     
  -632.812500000000       0.126109585740021     
  -630.859375000000       0.126151587212154     
  -628.906250000000       0.126193786796045     
  -626.953125000000       0.126236186045724     
  -625.000000000000       0.126278786532299     
  -623.046875000000       0.126321589844202     
  -621.093750000000       0.126364597587432     
  -619.140625000000       0.126407811385808     
  -617.187500000000       0.126451232881221     
  -615.234375000000       0.126494863733895     
  -613.281250000000       0.126538705622650     
  -611.328125000000       0.126582760245171     
  -609.375000000000       0.126627029318280     
  -607.421875000000       0.126671514578213     
  -605.468750000000       0.126716217780907     
  -603.515625000000       0.126761140702284     
  -601.562500000000       0.126806285138543     
  -599.609375000000       0.126851652906464     
  -597.656250000000       0.126897245843707     
  -595.703125000000       0.126943065809120     
  -593.750000000000       0.126989114683059     
  -591.796875000000       0.127035394367706     
  -589.843750000000       0.127081906787393     
  -587.890625000000       0.127128653888937     
  -585.937500000000       0.127175637641979     
  -583.984375000000       0.127222860039326     
  -582.031250000000       0.127270323097306     
  -580.078125000000       0.127318028856122     
  -578.125000000000       0.127365979380217     
  -576.171875000000       0.127414176758646     
  -574.218750000000       0.127462623105455     
  -572.265625000000       0.127511320560063     
  -570.312500000000       0.127560271287659     
  -568.359375000000       0.127609477479596     
  -566.406250000000       0.127658941353804     
  -564.453125000000       0.127708665155202     
  -562.500000000000       0.127758651156123     
  -560.546875000000       0.127808901656743     
  -558.593750000000       0.127859418985525     
  -556.640625000000       0.127910205499660     
  -554.687500000000       0.127961263585532     
  -552.734375000000       0.128012595659179     
  -550.781250000000       0.128064204166768     
  -548.828125000000       0.128116091585080     
  -546.875000000000       0.128168260422005     
  -544.921875000000       0.128220713217043     
  -542.968750000000       0.128273452541820     
  -541.015625000000       0.128326481000609     
  -539.062500000000       0.128379801230868     
  -537.109375000000       0.128433415903779     
  -535.156250000000       0.128487327724811     
  -533.203125000000       0.128541539434281     
  -531.250000000000       0.128596053807936     
  -529.296875000000       0.128650873657542     
  -527.343750000000       0.128706001831487     
  -525.390625000000       0.128761441215396     
  -523.437500000000       0.128817194732756     
  -521.484375000000       0.128873265345561     
  -519.531250000000       0.128929656054961     
  -517.578125000000       0.128986369901932     
  -515.625000000000       0.129043409967956     
  -513.671875000000       0.129100779375718     
  -511.718750000000       0.129158481289812     
  -509.765625000000       0.129216518917471     
  -507.812500000000       0.129274895509307     
  -505.859375000000       0.129333614360062     
  -503.906250000000       0.129392678809388     
  -501.953125000000       0.129452092242629     
  -500.000000000000       0.129511858091631     
  -498.046875000000       0.129571979835566     
  -496.093750000000       0.129632461001770     
  -494.140625000000       0.129693305166605     
  -492.187500000000       0.129754515956337     
  -490.234375000000       0.129816097048033     
  -488.281250000000       0.129878052170479     
  -486.328125000000       0.129940385105119     
  -484.375000000000       0.130003099687011     
  -482.421875000000       0.130066199805810     
  -480.468750000000       0.130129689406769     
  -478.515625000000       0.130193572491762     
  -476.562500000000       0.130257853120333     
  -474.609375000000       0.130322535410770     
  -472.656250000000       0.130387623541196     
  -471.679687500000       0.130420321118706     
  -470.703125000000       0.130453121750695     
  -469.726562500000       0.130486025976760     
  -468.750000000000       0.130519034340454     
  -467.773437500000       0.130552147389323     
  -466.796875000000       0.130585365674941     
  -465.820312500000       0.130618689752951     
  -464.843750000000       0.130652120183102     
  -463.867187500000       0.130685657529288     
  -462.890625000000       0.130719302359591     
  -461.914062500000       0.130753055246313     
  -460.937500000000       0.130786916766025     
  -459.960937500000       0.130820887499605     
  -458.984375000000       0.130854968032276     
  -458.007812500000       0.130889158953652     
  -457.031250000000       0.130923460857780     
  -456.054687500000       0.130957874343180     
  -455.078125000000       0.130992400012890     
  -454.101562500000       0.131027038474514     
  -453.125000000000       0.131061790340258     
  -452.148437500000       0.131096656226981     
  -451.171875000000       0.131131636756240     
  -450.195312500000       0.131166732554334     
  -449.218750000000       0.131201944252352     
  -448.242187500000       0.131237272486220     
  -447.265625000000       0.131272717896747     
  -446.289062500000       0.131308281129676     
  -445.312500000000       0.131343962835732     
  -444.335937500000       0.131379763670670     
  -443.359375000000       0.131415684295325     
  -442.382812500000       0.131451725375666     
  -441.406250000000       0.131487887582845     
  -440.429687500000       0.131524171593246     
  -439.453125000000       0.131560578088544     
  -438.476562500000       0.131597107755753     
  -437.500000000000       0.131633761287281     
  -436.523437500000       0.131670539380987     
  -435.546875000000       0.131707442740231     
  -434.570312500000       0.131744472073936     
  -433.593750000000       0.131781628096641     
  -432.617187500000       0.131818911528558     
  -431.640625000000       0.131856323095633     
  -430.664062500000       0.131893863529599     
  -429.687500000000       0.131931533568042     
  -428.710937500000       0.131969333954458     
  -427.734375000000       0.132007265438313     
  -426.757812500000       0.132045328775108     
  -425.781250000000       0.132083524726436     
  -424.804687500000       0.132121854060052     
  -423.828125000000       0.132160317549933     
  -422.851562500000       0.132198915976342     
  -421.875000000000       0.132237650125899     
  -420.898437500000       0.132276520791639     
  -419.921875000000       0.132315528773090     
  -418.945312500000       0.132354674876332     
  -417.968750000000       0.132393959914071     
  -416.992187500000       0.132433384705710     
  -416.015625000000       0.132472950077414     
  -415.039062500000       0.132512656862191     
  -414.062500000000       0.132552505899955     
  -413.085937500000       0.132592498037607     
  -412.109375000000       0.132632634129109     
  -411.132812500000       0.132672915035555     
  -410.156250000000       0.132713341625253     
  -409.179687500000       0.132753914773799     
  -408.203125000000       0.132794635364159     
  -407.226562500000       0.132835504286745     
  -406.250000000000       0.132876522439501     
  -405.273437500000       0.132917690727979     
  -404.296875000000       0.132959010065428     
  -403.320312500000       0.133000481372872     
  -402.343750000000       0.133042105579202     
  -401.367187500000       0.133083883621255     
  -400.390625000000       0.133125816443909     
  -399.414062500000       0.133167905000166     
  -398.437500000000       0.133210150251244     
  -397.460937500000       0.133252553166670     
  -396.484375000000       0.133295114724370     
  -395.507812500000       0.133337835910763     
  -394.531250000000       0.133380717720858     
  -393.554687500000       0.133423761158345     
  -392.578125000000       0.133466967235701     
  -391.601562500000       0.133510336974281     
  -390.625000000000       0.133553871404422     
  -389.648437500000       0.133597571565544     
  -388.671875000000       0.133641438506255     
  -387.695312500000       0.133685473284451     
  -386.718750000000       0.133729676967427     
  -385.742187500000       0.133774050631980     
  -384.765625000000       0.133818595364521     
  -383.789062500000       0.133863312261186     
  -382.812500000000       0.133908202427945     
  -381.835937500000       0.133953266980716     
  -380.859375000000       0.133998507045485     
  -379.882812500000       0.134043923758415     
  -378.906250000000       0.134089518265972     
  -377.929687500000       0.134135291725041     
  -376.953125000000       0.134181245303048     
  -375.976562500000       0.134227380178086     
  -375.000000000000       0.134273697539039     
  -374.023437500000       0.134320198585708     
  -373.046875000000       0.134366884528941     
  -372.070312500000       0.134413756590768     
  -371.093750000000       0.134460816004525     
  -370.117187500000       0.134508064014998     
  -369.140625000000       0.134555501878554     
  -368.164062500000       0.134603130863282     
  -367.187500000000       0.134650952249132     
  -366.210937500000       0.134698967328062     
  -365.234375000000       0.134747177404177     
  -364.257812500000       0.134795583793882     
  -363.281250000000       0.134844187826027     
  -362.304687500000       0.134892990842059     
  -361.328125000000       0.134941994196179     
  -360.351562500000       0.134991199255496     
  -359.375000000000       0.135040607400184     
  -358.398437500000       0.135090220023643     
  -357.421875000000       0.135140038532667     
  -356.445312500000       0.135190064347603     
  -355.468750000000       0.135240298902524     
  -354.492187500000       0.135290743645397     
  -353.515625000000       0.135341400038257     
  -352.539062500000       0.135392269557385     
  -351.562500000000       0.135443353693483     
  -350.585937500000       0.135494653951859     
  -349.609375000000       0.135546171852609     
  -348.632812500000       0.135597908930805     
  -347.656250000000       0.135649866736686     
  -346.679687500000       0.135702046835847     
  -345.703125000000       0.135754450809440     
  -344.726562500000       0.135807080254370     
  -343.750000000000       0.135859936783497     
  -342.773437500000       0.135913022025844     
  -341.796875000000       0.135966337626801     
  -340.820312500000       0.136019885248343     
  -339.843750000000       0.136073666569237     
  -338.867187500000       0.136127683285270     
  -337.890625000000       0.136181937109463     
  -336.914062500000       0.136236429772301     
  -335.937500000000       0.136291163021961     
  -334.960937500000       0.136346138624546     
  -333.984375000000       0.136401358364321     
  -333.007812500000       0.136456824043951     
  -332.031250000000       0.136512537484751     
  -331.054687500000       0.136568500526929     
  -330.078125000000       0.136624715029842     
  -329.101562500000       0.136681182872250     
  -328.125000000000       0.136737905952579     
  -327.148437500000       0.136794886189184     
  -326.171875000000       0.136852125520623     
  -325.195312500000       0.136909625905922     
  -324.218750000000       0.136967389324865     
  -323.242187500000       0.137025417778267     
  -322.265625000000       0.137083713288267     
  -321.289062500000       0.137142277898621     
  -320.312500000000       0.137201113674997     
  -319.335937500000       0.137260222705279     
  -318.359375000000       0.137319607099876     
  -317.382812500000       0.137379268992032     
  -316.406250000000       0.137439210538147     
  -315.429687500000       0.137499433918100     
  -314.453125000000       0.137559941335575     
  -313.476562500000       0.137620735018403     
  -312.500000000000       0.137681817218896     
  -311.523437500000       0.137743190214197     
  -310.546875000000       0.137804856306631     
  -309.570312500000       0.137866817824066     
  -308.593750000000       0.137929077120274     
  -307.617187500000       0.137991636575307     
  -306.640625000000       0.138054498595873     
  -305.664062500000       0.138117665615717     
  -304.687500000000       0.138181140096020     
  -303.710937500000       0.138244924525791     
  -302.734375000000       0.138309021422273     
  -301.757812500000       0.138373433331358     
  -300.781250000000       0.138438162828008     
  -299.804687500000       0.138503212516678     
  -298.828125000000       0.138568585031753     
  -297.851562500000       0.138634283037996     
  -296.875000000000       0.138700309230991     
  -295.898437500000       0.138766666337607     
  -294.921875000000       0.138833357116468     
  -293.945312500000       0.138900384358424     
  -292.968750000000       0.138967750887039     
  -291.992187500000       0.139035459559085     
  -291.015625000000       0.139103513265044     
  -290.039062500000       0.139171914929623     
  -289.062500000000       0.139240667512274     
  -288.085937500000       0.139309774007724     
  -287.109375000000       0.139379237446522     
  -286.132812500000       0.139449060895586     
  -285.156250000000       0.139519247458769     
  -284.179687500000       0.139589800277428     
  -283.203125000000       0.139660722531014     
  -282.226562500000       0.139732017437660     
  -281.250000000000       0.139803688254794     
  -280.273437500000       0.139875738279753     
  -279.296875000000       0.139948170850414     
  -278.320312500000       0.140020989345837     
  -277.343750000000       0.140094197186920     
  -276.367187500000       0.140167797837064     
  -275.390625000000       0.140241794802857     
  -274.414062500000       0.140316191634766     
  -273.437500000000       0.140390991927846     
  -272.460937500000       0.140466199322457     
  -271.484375000000       0.140541817505006     
  -270.507812500000       0.140617850208694     
  -269.531250000000       0.140694301214283     
  -268.554687500000       0.140771174350876     
  -267.578125000000       0.140848473496711     
  -266.601562500000       0.140926202579981     
  -265.625000000000       0.141004365579654     
  -264.648437500000       0.141082966526327     
  -263.671875000000       0.141162009503082     
  -262.695312500000       0.141241498646375     
  -261.718750000000       0.141321438146927     
  -260.742187500000       0.141401832250648     
  -259.765625000000       0.141482685259569     
  -258.789062500000       0.141564001532801     
  -257.812500000000       0.141645785487512     
  -256.835937500000       0.141728041599920     
  -255.859375000000       0.141810774406312     
  -254.882812500000       0.141893988504086     
  -253.906250000000       0.141977688552807     
  -252.929687500000       0.142061879275296     
  -251.953125000000       0.142146565458732     
  -250.976562500000       0.142231751955786     
  -250.000000000000       0.142317443685774     
  -249.023437500000       0.142403645635838     
  -248.046875000000       0.142490362862151     
  -247.070312500000       0.142577600491149     
  -246.093750000000       0.142665363720789     
  -245.117187500000       0.142753657821838     
  -244.140625000000       0.142842488139183     
  -243.164062500000       0.142931860093178     
  -242.187500000000       0.143021779181020     
  -241.210937500000       0.143112250978147     
  -240.234375000000       0.143203281139681     
  -239.257812500000       0.143294875401890     
  -238.281250000000       0.143387039583693     
  -237.304687500000       0.143479779588194     
  -236.328125000000       0.143573101404255     
  -235.351562500000       0.143667011108097     
  -234.375000000000       0.143761514864949     
  -233.398437500000       0.143856618930724     
  -232.421875000000       0.143952329653743     
  -231.445312500000       0.144048653476493     
  -230.468750000000       0.144145596937428     
  -229.492187500000       0.144243166672815     
  -228.515625000000       0.144341369418617     
  -227.539062500000       0.144440212012426     
  -226.562500000000       0.144539701395442     
  -225.585937500000       0.144639844614497     
  -224.609375000000       0.144740648824123     
  -223.632812500000       0.144842121288685     
  -222.656250000000       0.144944269384546     
  -221.679687500000       0.145047100602298     
  -220.703125000000       0.145150622549043     
  -219.726562500000       0.145254842950732     
  -218.750000000000       0.145359769654556     
  -217.773437500000       0.145465410631404     
  -216.796875000000       0.145571773978374     
  -215.820312500000       0.145678867921356     
  -214.843750000000       0.145786700817667     
  -213.867187500000       0.145895281158768     
  -212.890625000000       0.146004617573033     
  -211.914062500000       0.146114718828604     
  -210.937500000000       0.146225593836308     
  -209.960937500000       0.146337251652650     
  -208.984375000000       0.146449701482890     
  -208.007812500000       0.146562952684194     
  -207.031250000000       0.146677014768864     
  -206.542968750000       0.146734352908293     
  -206.054687500000       0.146791897407663     
  -205.566406250000       0.146849649501138     
  -205.078125000000       0.146907610433214     
  -204.589843750000       0.146965781458835     
  -204.101562500000       0.147024163843500     
  -203.613281250000       0.147082758863384     
  -203.125000000000       0.147141567805448     
  -202.636718750000       0.147200591967562     
  -202.148437500000       0.147259832658617     
  -201.660156250000       0.147319291198652     
  -201.171875000000       0.147378968918974     
  -200.683593750000       0.147438867162280     
  -200.195312500000       0.147498987282785     
  -199.707031250000       0.147559330646347     
  -199.218750000000       0.147619898630597     
  -198.730468750000       0.147680692625071     
  -198.242187500000       0.147741714031339     
  -197.753906250000       0.147802964263143     
  -197.265625000000       0.147864444746528     
  -196.777343750000       0.147926156919988     
  -196.289062500000       0.147988102234595     
  -195.800781250000       0.148050282154152     
  -195.312500000000       0.148112698155328     
  -194.824218750000       0.148175351727806     
  -194.335937500000       0.148238244374435     
  -193.847656250000       0.148301377611373     
  -193.359375000000       0.148364752968243     
  -192.871093750000       0.148428371988286     
  -192.382812500000       0.148492236228517     
  -191.894531250000       0.148556347259884     
  -191.406250000000       0.148620706667425     
  -190.917968750000       0.148685316050438     
  -190.429687500000       0.148750177022636     
  -189.941406250000       0.148815291212324     
  -189.453125000000       0.148880660262563     
  -188.964843750000       0.148946285831345     
  -188.476562500000       0.149012169591764     
  -187.988281250000       0.149078313232198     
  -187.500000000000       0.149144718456486     
  -187.011718750000       0.149211386984110     
  -186.523437500000       0.149278320550380     
  -186.035156250000       0.149345520906622     
  -185.546875000000       0.149412989820371     
  -185.058593750000       0.149480729075559     
  -184.570312500000       0.149548740472712     
  -184.082031250000       0.149617025829154     
  -183.593750000000       0.149685586979203     
  -183.105468750000       0.149754425774375     
  -182.617187500000       0.149823544083598     
  -182.128906250000       0.149892943793417     
  -181.640625000000       0.149962626808208     
  -181.152343750000       0.150032595050401     
  -180.664062500000       0.150102850460690     
  -180.175781250000       0.150173394998269     
  -179.687500000000       0.150244230641046     
  -179.199218750000       0.150315359385885     
  -178.710937500000       0.150386783248831     
  -178.222656250000       0.150458504265352     
  -177.734375000000       0.150530524490579     
  -177.246093750000       0.150602845999549     
  -176.757812500000       0.150675470887456     
  -176.269531250000       0.150748401269900     
  -175.781250000000       0.150821639283147     
  -175.292968750000       0.150895187084384     
  -174.804687500000       0.150969046851985     
  -174.316406250000       0.151043220785781     
  -173.828125000000       0.151117711107330     
  -173.339843750000       0.151192520060193     
  -172.851562500000       0.151267649910216     
  -172.363281250000       0.151343102945813     
  -171.875000000000       0.151418881478257     
  -171.386718750000       0.151494987841975     
  -170.898437500000       0.151571424394845     
  -170.410156250000       0.151648193518498     
  -169.921875000000       0.151725297618632     
  -169.433593750000       0.151802739125316     
  -168.945312500000       0.151880520493317     
  -168.457031250000       0.151958644202417     
  -167.968750000000       0.152037112757745     
  -167.480468750000       0.152115928690109     
  -166.992187500000       0.152195094556333     
  -166.503906250000       0.152274612939607     
  -166.015625000000       0.152354486449831     
  -165.527343750000       0.152434717723975     
  -165.039062500000       0.152515309426439     
  -164.550781250000       0.152596264249417     
  -164.062500000000       0.152677584913280     
  -163.574218750000       0.152759274166943     
  -163.085937500000       0.152841334788262     
  -162.597656250000       0.152923769584420     
  -162.109375000000       0.153006581392327     
  -161.621093750000       0.153089773079028     
  -161.132812500000       0.153173347542109     
  -160.644531250000       0.153257307710125     
  -160.156250000000       0.153341656543018     
  -159.667968750000       0.153426397032555     
  -159.179687500000       0.153511532202768     
  -158.691406250000       0.153597065110401     
  -158.203125000000       0.153682998845366     
  -157.714843750000       0.153769336531207     
  -157.226562500000       0.153856081325573     
  -156.738281250000       0.153943236420692     
  -156.250000000000       0.154030805043868     
  -155.761718750000       0.154118790457968     
  -155.273437500000       0.154207195961933     
  -154.785156250000       0.154296024891289     
  -154.296875000000       0.154385280618671     
  -153.808593750000       0.154474966554353     
  -153.320312500000       0.154565086146791     
  -152.832031250000       0.154655642883173     
  -152.343750000000       0.154746640289978     
  -151.855468750000       0.154838081933548     
  -151.367187500000       0.154929971420667     
  -150.878906250000       0.155022312399156     
  -150.390625000000       0.155115108558466     
  -149.902343750000       0.155208363630300     
  -149.414062500000       0.155302081389228     
  -148.925781250000       0.155396265653326     
  -148.437500000000       0.155490920284821     
  -147.949218750000       0.155586049190748     
  -147.460937500000       0.155681656323621     
  -146.972656250000       0.155777745682113     
  -146.484375000000       0.155874321311752     
  -145.996093750000       0.155971387305629     
  -145.507812500000       0.156068947805116     
  -145.019531250000       0.156167007000601     
  -144.531250000000       0.156265569132237     
  -144.042968750000       0.156364638490701     
  -143.554687500000       0.156464219417971     
  -143.066406250000       0.156564316308114     
  -142.578125000000       0.156664933608095     
  -142.089843750000       0.156766075818594     
  -141.601562500000       0.156867747494846     
  -141.113281250000       0.156969953247487     
  -140.625000000000       0.157072697743427     
  -140.136718750000       0.157175985706734     
  -139.648437500000       0.157279821919535     
  -139.160156250000       0.157384211222935     
  -138.671875000000       0.157489158517958     
  -138.183593750000       0.157594668766496     
  -137.695312500000       0.157700746992290     
  -137.207031250000       0.157807398281918     
  -136.718750000000       0.157914627785812     
  -136.230468750000       0.158022440719288     
  -135.742187500000       0.158130842363598     
  -135.253906250000       0.158239838067011     
  -134.765625000000       0.158349433245901     
  -134.277343750000       0.158459633385870     
  -133.789062500000       0.158570444042883     
  -133.300781250000       0.158681870844438     
  -132.812500000000       0.158793919490747     
  -132.324218750000       0.158906595755949     
  -131.835937500000       0.159019905489348     
  -131.347656250000       0.159133854616667     
  -130.859375000000       0.159248449141345     
  -130.371093750000       0.159363695145840     
  -129.882812500000       0.159479598792976     
  -129.394531250000       0.159596166327312     
  -128.906250000000       0.159713404076534     
  -128.417968750000       0.159831318452886     
  -127.929687500000       0.159949915954623     
  -127.441406250000       0.160069203167503     
  -126.953125000000       0.160189186766299     
  -126.464843750000       0.160309873516355     
  -125.976562500000       0.160431270275168     
  -125.488281250000       0.160553383994005     
  -125.000000000000       0.160676221719560     
  -124.511718750000       0.160799790595636     
  -124.023437500000       0.160924097864876     
  -123.535156250000       0.161049150870524     
  -123.046875000000       0.161174957058224     
  -122.558593750000       0.161301523977864     
  -122.070312500000       0.161428859285455     
  -121.582031250000       0.161556970745056     
  -121.093750000000       0.161685866230737     
  -120.605468750000       0.161815553728594     
  -120.117187500000       0.161946041338796     
  -119.628906250000       0.162077337277692     
  -119.140625000000       0.162209449879955     
  -118.652343750000       0.162342387600784     
  -118.164062500000       0.162476159018146     
  -117.675781250000       0.162610772835076     
  -117.187500000000       0.162746237882029     
  -116.699218750000       0.162882563119285     
  -116.210937500000       0.163019757639408     
  -115.722656250000       0.163157830669767     
  -115.234375000000       0.163296791575113     
  -114.746093750000       0.163436649860213     
  -114.257812500000       0.163577415172551     
  -113.769531250000       0.163719097305095     
  -113.281250000000       0.163861706199119     
  -112.792968750000       0.164005251947107     
  -112.304687500000       0.164149744795711     
  -111.816406250000       0.164295195148794     
  -111.328125000000       0.164441613570539     
  -110.839843750000       0.164589010788632     
  -110.351562500000       0.164737397697530     
  -109.863281250000       0.164886785361800     
  -109.375000000000       0.165037185019551     
  -108.886718750000       0.165188608085936     
  -108.398437500000       0.165341066156756     
  -107.910156250000       0.165494571012146     
  -107.421875000000       0.165649134620350     
  -106.933593750000       0.165804769141601     
  -106.445312500000       0.165961486932092     
  -105.957031250000       0.166119300548046     
  -105.468750000000       0.166278222749896     
  -104.980468750000       0.166438266506569     
  -104.492187500000       0.166599444999879     
  -104.003906250000       0.166761771629035     
  -103.515625000000       0.166925260015269     
  -103.027343750000       0.167089924006576     
  -102.539062500000       0.167255777682590     
  -102.050781250000       0.167422835359578     
  -101.562500000000       0.167591111595575     
  -101.074218750000       0.167760621195649     
  -100.585937500000       0.167931379217309     
  -100.097656250000       0.168103400976058     
  -99.6093750000000       0.168276702051101     
  -99.1210937500000       0.168451298291196     
  -98.6328125000000       0.168627205820677     
  -98.1445312500000       0.168804441045636     
  -97.6562500000000       0.168983020660274     
  -97.1679687500000       0.169162961653431     
  -96.6796875000000       0.169344281315297     
  -96.1914062500000       0.169526997244309     
  -95.7031250000000       0.169711127354241     
  -95.2148437500000       0.169896689881499     
  -94.7265625000000       0.170083703392619     
  -94.2382812500000       0.170272186791977     
  -93.7500000000000       0.170462159329728     
  -93.2617187500000       0.170653640609964     
  -92.7734375000000       0.170846650599114     
  -92.2851562500000       0.171041209634591     
  -91.7968750000000       0.171237338433685     
  -91.3085937500000       0.171435058102726     
  -90.8203125000000       0.171634390146509     
  -90.5761718750000       0.171734667640518     
  -90.3320312500000       0.171835356478010     
  -90.0878906250000       0.171936459463525     
  -89.8437500000000       0.172037979428382     
  -89.5996093750000       0.172139919231006     
  -89.3554687500000       0.172242281757262     
  -89.1113281250000       0.172345069920797     
  -88.8671875000000       0.172448286663381     
  -88.6230468750000       0.172551934955258     
  -88.3789062500000       0.172656017795501     
  -88.1347656250000       0.172760538212372     
  -87.8906250000000       0.172865499263688     
  -87.6464843750000       0.172970904037192     
  -87.4023437500000       0.173076755650928     
  -87.1582031250000       0.173183057253629     
  -86.9140625000000       0.173289812025102     
  -86.6699218750000       0.173397023176623     
  -86.4257812500000       0.173504693951339     
  -86.1816406250000       0.173612827624676     
  -85.9375000000000       0.173721427504749     
  -85.6933593750000       0.173830496932787     
  -85.4492187500000       0.173940039283558     
  -85.2050781250000       0.174050057965799     
  -84.9609375000000       0.174160556422661     
  -84.7167968750000       0.174271538132156     
  -84.4726562500000       0.174383006607608     
  -84.2285156250000       0.174494965398116     
  -83.9843750000000       0.174607418089026     
  -83.7402343750000       0.174720368302403     
  -83.4960937500000       0.174833819697520     
  -83.2519531250000       0.174947775971346     
  -83.0078125000000       0.175062240859049     
  -82.7636718750000       0.175177218134502     
  -82.5195312500000       0.175292711610800     
  -82.2753906250000       0.175408725140788     
  -82.0312500000000       0.175525262617589     
  -81.7871093750000       0.175642327975152     
  -81.5429687500000       0.175759925188798     
  -81.2988281250000       0.175878058275784     
  -81.0546875000000       0.175996731295872     
  -80.8105468750000       0.176115948351907     
  -80.5664062500000       0.176235713590407     
  -80.3222656250000       0.176356031202160     
  -80.0781250000000       0.176476905422835     
  -79.8339843750000       0.176598340533598     
  -79.5898437500000       0.176720340861746     
  -79.3457031250000       0.176842910781342     
  -79.1015625000000       0.176966054713868     
  -78.8574218750000       0.177089777128889     
  -78.6132812500000       0.177214082544723     
  -78.3691406250000       0.177338975529128     
  -78.1250000000000       0.177464460699997     
  -77.8808593750000       0.177590542726071     
  -77.6367187500000       0.177717226327654     
  -77.3925781250000       0.177844516277351     
  -77.1484375000000       0.177972417400811     
  -76.9042968750000       0.178100934577490     
  -76.6601562500000       0.178230072741421     
  -76.4160156250000       0.178359836882002     
  -76.1718750000000       0.178490232044792     
  -75.9277343750000       0.178621263332332     
  -75.6835937500000       0.178752935904968     
  -75.4394531250000       0.178885254981699     
  -75.1953125000000       0.179018225841030     
  -74.9511718750000       0.179151853821852     
  -74.7070312500000       0.179286144324328     
  -74.4628906250000       0.179421102810800     
  -74.2187500000000       0.179556734806712     
  -73.9746093750000       0.179693045901545     
  -73.7304687500000       0.179830041749779     
  -73.4863281250000       0.179967728071863     
  -73.2421875000000       0.180106110655206     
  -72.9980468750000       0.180245195355188     
  -72.7539062500000       0.180384988096188     
  -72.5097656250000       0.180525494872632     
  -72.2656250000000       0.180666721750058     
  -72.0214843750000       0.180808674866205     
  -71.7773437500000       0.180951360432117     
  -71.5332031250000       0.181094784733277     
  -71.2890625000000       0.181238954130748     
  -71.0449218750000       0.181383875062349     
  -70.8007812500000       0.181529554043849     
  -70.5566406250000       0.181675997670179     
  -70.3125000000000       0.181823212616674     
  -70.0683593750000       0.181971205640335     
  -69.8242187500000       0.182119983581115     
  -69.5800781250000       0.182269553363233     
  -69.3359375000000       0.182419921996512     
  -69.0917968750000       0.182571096577737     
  -68.8476562500000       0.182723084292053     
  -68.6035156250000       0.182875892414377     
  -68.3593750000000       0.183029528310843     
  -68.1152343750000       0.183183999440280     
  -67.8710937500000       0.183339313355710     
  -67.6269531250000       0.183495477705882     
  -67.3828125000000       0.183652500236839     
  -67.1386718750000       0.183810388793505     
  -66.8945312500000       0.183969151321320     
  -66.6503906250000       0.184128795867894     
  -66.4062500000000       0.184289330584699     
  -66.1621093750000       0.184450763728802     
  -65.9179687500000       0.184613103664621     
  -65.6738281250000       0.184776358865729     
  -65.4296875000000       0.184940537916685     
  -65.1855468750000       0.185105649514911     
  -64.9414062500000       0.185271702472600     
  -64.6972656250000       0.185438705718673     
  -64.4531250000000       0.185606668300766     
  -64.2089843750000       0.185775599387267     
  -63.9648437500000       0.185945508269394     
  -63.7207031250000       0.186116404363312     
  -63.4765625000000       0.186288297212302     
  -63.2324218750000       0.186461196488970     
  -62.9882812500000       0.186635111997507     
  -62.7441406250000       0.186810053675995     
  -62.5000000000000       0.186986031598765     
  -62.2558593750000       0.187163055978802     
  -62.0117187500000       0.187341137170208     
  -61.7675781250000       0.187520285670711     
  -61.5234375000000       0.187700512124237     
  -61.2792968750000       0.187881827323531     
  -61.0351562500000       0.188064242212839     
  -60.7910156250000       0.188247767890652     
  -60.5468750000000       0.188432415612504     
  -60.3027343750000       0.188618196793840     
  -60.0585937500000       0.188805123012941     
  -59.8144531250000       0.188993206013923     
  -59.5703125000000       0.189182457709791     
  -59.3261718750000       0.189372890185579     
  -59.0820312500000       0.189564515701543     
  -58.8378906250000       0.189757346696443     
  -58.5937500000000       0.189951395790891     
  -58.3496093750000       0.190146675790776     
  -58.1054687500000       0.190343199690776     
  -57.8613281250000       0.190540980677937     
  -57.6171875000000       0.190740032135355     
  -57.3730468750000       0.190940367645925     
  -57.1289062500000       0.191142000996190     
  -56.8847656250000       0.191344946180278     
  -56.6406250000000       0.191549217403931     
  -56.3964843750000       0.191754829088629     
  -56.1523437500000       0.191961795875816     
  -55.9082031250000       0.192170132631227     
  -55.6640625000000       0.192379854449314     
  -55.4199218750000       0.192590976657788     
  -55.1757812500000       0.192803514822263     
  -54.9316406250000       0.193017484751018     
  -54.6875000000000       0.193232902499877     
  -54.4433593750000       0.193449784377204     
  -54.1992187500000       0.193668146949030     
  -53.9550781250000       0.193888007044297     
  -53.7109375000000       0.194109381760243     
  -53.4667968750000       0.194332288467914     
  -53.2226562500000       0.194556744817823     
  -52.9785156250000       0.194782768745745     
  -52.7343750000000       0.195010378478664     
  -52.4902343750000       0.195239592540870     
  -52.2460937500000       0.195470429760214     
  -52.0019531250000       0.195702909274521     
  -51.7578125000000       0.195937050538176     
  -51.5136718750000       0.196172873328874     
  -51.2695312500000       0.196410397754554     
  -51.0253906250000       0.196649644260504     
  -50.7812500000000       0.196890633636670     
  -50.5371093750000       0.197133387025144     
  -50.2929687500000       0.197377925927861     
  -50.0488281250000       0.197624272214496     
  -49.8046875000000       0.197872448130581     
  -49.5605468750000       0.198122476305832     
  -49.3164062500000       0.198374379762717     
  -49.0722656250000       0.198628181925237     
  -48.8281250000000       0.198883906627973     
  -48.5839843750000       0.199141578125359     
  -48.3398437500000       0.199401221101234     
  -48.0957031250000       0.199662860678640     
  -47.8515625000000       0.199926522429912     
  -47.6074218750000       0.200192232387040     
  -47.3632812500000       0.200460017052333     
  -47.1191406250000       0.200729903409377     
  -46.8750000000000       0.201001918934319     
  -46.6308593750000       0.201276091607462     
  -46.3867187500000       0.201552449925207     
  -46.1425781250000       0.201831022912331     
  -45.8984375000000       0.202111840134634     
  -45.6542968750000       0.202394931711952     
  -45.4101562500000       0.202680328331553     
  -45.1660156250000       0.202968061261933     
  -44.9218750000000       0.203258162367024     
  -44.6777343750000       0.203550664120827     
  -44.4335937500000       0.203845599622485     
  -44.1894531250000       0.204143002611819     
  -43.9453125000000       0.204442907485331     
  -43.7011718750000       0.204745349312700     
  -43.4570312500000       0.205050363853791     
  -43.2128906250000       0.205357987576182     
  -42.9687500000000       0.205668257673251     
  -42.7246093750000       0.205981212082814     
  -42.4804687500000       0.206296889506367     
  -42.2363281250000       0.206615329428929     
  -41.9921875000000       0.206936572139517     
  -41.7480468750000       0.207260658752285     
  -41.5039062500000       0.207587631228339     
  -41.2597656250000       0.207917532398265     
  -41.0156250000000       0.208250405985388     
  -40.7714843750000       0.208586296629801     
  -40.5273437500000       0.208925249913181     
  -40.2832031250000       0.209267312384437     
  -40.0390625000000       0.209612531586213     
  -39.7949218750000       0.209960956082279     
  -39.6728515625000       0.210136385778014     
  -39.5507812500000       0.210312635485856     
  -39.4287109375000       0.210489711576240     
  -39.3066406250000       0.210667620488905     
  -39.1845703125000       0.210846368733869     
  -39.0625000000000       0.211025962892413     
  -38.9404296875000       0.211206409618088     
  -38.8183593750000       0.211387715637733     
  -38.6962890625000       0.211569887752520     
  -38.5742187500000       0.211752932839006     
  -38.4521484375000       0.211936857850211     
  -38.3300781250000       0.212121669816715     
  -38.2080078125000       0.212307375847767     
  -38.0859375000000       0.212493983132424     
  -37.9638671875000       0.212681498940698     
  -37.8417968750000       0.212869930624738     
  -37.7197265625000       0.213059285620015     
  -37.5976562500000       0.213249571446549     
  -37.4755859375000       0.213440795710137     
  -37.3535156250000       0.213632966103617     
  -37.2314453125000       0.213826090408153     
  -37.1093750000000       0.214020176494536     
  -36.9873046875000       0.214215232324516     
  -36.8652343750000       0.214411265952156     
  -36.7431640625000       0.214608285525209     
  -36.6210937500000       0.214806299286522     
  -36.4990234375000       0.215005315575464     
  -36.3769531250000       0.215205342829382     
  -36.2548828125000       0.215406389585085     
  -36.1328125000000       0.215608464480351     
  -36.0107421875000       0.215811576255469     
  -35.8886718750000       0.216015733754799     
  -35.7666015625000       0.216220945928373     
  -35.6445312500000       0.216427221833522     
  -35.5224609375000       0.216634570636525     
  -35.4003906250000       0.216843001614307     
  -35.2783203125000       0.217052524156151     
  -35.1562500000000       0.217263147765452     
  -35.0341796875000       0.217474882061505     
  -34.9121093750000       0.217687736781327     
  -34.7900390625000       0.217901721781505     
  -34.6679687500000       0.218116847040096     
  -34.5458984375000       0.218333122658549     
  -34.4238281250000       0.218550558863670     
  -34.3017578125000       0.218769166009631     
  -34.1796875000000       0.218988954580006     
  -34.0576171875000       0.219209935189858     
  -33.9355468750000       0.219432118587863     
  -33.8134765625000       0.219655515658473     
  -33.6914062500000       0.219880137424130     
  -33.5693359375000       0.220105995047513     
  -33.4472656250000       0.220333099833841     
  -33.3251953125000       0.220561463233215     
  -33.2031250000000       0.220791096843010     
  -33.0810546875000       0.221022012410315     
  -32.9589843750000       0.221254221834421     
  -32.8369140625000       0.221487737169363     
  -32.7148437500000       0.221722570626512     
  -32.5927734375000       0.221958734577217     
  -32.4707031250000       0.222196241555509     
  -32.3486328125000       0.222435104260854     
  -32.2265625000000       0.222675335560965     
  -32.1044921875000       0.222916948494676     
  -31.9824218750000       0.223159956274869     
  -31.8603515625000       0.223404372291472     
  -31.7382812500000       0.223650210114510     
  -31.6162109375000       0.223897483497229     
  -31.4941406250000       0.224146206379281     
  -31.3720703125000       0.224396392889977     
  -31.2500000000000       0.224648057351615     
  -31.1279296875000       0.224901214282874     
  -31.0058593750000       0.225155878402279     
  -30.8837890625000       0.225412064631753     
  -30.7617187500000       0.225669788100230     
  -30.6396484375000       0.225929064147358     
  -30.5175781250000       0.226189908327280     
  -30.3955078125000       0.226452336412500     
  -30.2734375000000       0.226716364397827     
  -30.1513671875000       0.226982008504416     
  -30.0292968750000       0.227249285183895     
  -29.9072265625000       0.227518211122580     
  -29.7851562500000       0.227788803245793     
  -29.6630859375000       0.228061078722268     
  -29.5410156250000       0.228335054968667     
  -29.4189453125000       0.228610749654186     
  -29.2968750000000       0.228888180705279     
  -29.1748046875000       0.229167366310480     
  -29.0527343750000       0.229448324925341     
  -28.9306640625000       0.229731075277486     
  -28.8085937500000       0.230015636371771     
  -28.6865234375000       0.230302027495583     
  -28.5644531250000       0.230590268224242     
  -28.4423828125000       0.230880378426545     
  -28.3203125000000       0.231172378270435     
  -28.1982421875000       0.231466288228805     
  -28.0761718750000       0.231762129085439     
  -27.9541015625000       0.232059921941093     
  -27.8320312500000       0.232359688219729     
  -27.7099609375000       0.232661449674895     
  -27.5878906250000       0.232965228396252     
  -27.4658203125000       0.233271046816275     
  -27.3437500000000       0.233578927717105     
  -27.2216796875000       0.233888894237571     
  -27.0996093750000       0.234200969880392     
  -26.9775390625000       0.234515178519548     
  -26.8554687500000       0.234831544407842     
  -26.7333984375000       0.235150092184642     
  -26.6113281250000       0.235470846883828     
  -26.4892578125000       0.235793833941926     
  -26.3671875000000       0.236119079206462     
  -26.2451171875000       0.236446608944516     
  -26.1230468750000       0.236776449851504     
  -26.0009765625000       0.237108629060176     
  -25.8789062500000       0.237443174149854     
  -25.7568359375000       0.237780113155905     
  -25.6347656250000       0.238119474579461     
  -25.5126953125000       0.238461287397391     
  -25.3906250000000       0.238805581072543     
  -25.2685546875000       0.239152385564244     
  -25.1464843750000       0.239501731339086     
  -25.0244140625000       0.239853649382000     
  -24.9023437500000       0.240208171207621     
  -24.7802734375000       0.240565328871964     
  -24.6582031250000       0.240925154984412     
  -24.5361328125000       0.241287682720031     
  -24.4140625000000       0.241652945832220     
  -24.2919921875000       0.242020978665709     
  -24.1699218750000       0.242391816169917     
  -24.0478515625000       0.242765493912674     
  -23.9257812500000       0.243142048094329     
  -23.8037109375000       0.243521515562257     
  -23.6816406250000       0.243903933825764     
  -23.5595703125000       0.244289341071420     
  -23.4375000000000       0.244677776178827     
  -23.3154296875000       0.245069278736836     
  -23.1933593750000       0.245463889060229     
  -23.0712890625000       0.245861648206882     
  -22.9492187500000       0.246262597995427     
  -22.8271484375000       0.246666781023430     
  -22.7050781250000       0.247074240686097     
  -22.5830078125000       0.247485021195534     
  -22.4609375000000       0.247899167600583     
  -22.3388671875000       0.248316725807234     
  -22.2167968750000       0.248737742599666     
  -22.0947265625000       0.249162265661904     
  -21.9726562500000       0.249590343600146     
  -21.8505859375000       0.250022025965762     
  -21.7285156250000       0.250457363278992     
  -21.6064453125000       0.250896407053388     
  -21.4843750000000       0.251339209820995     
  -21.3623046875000       0.251785825158326     
  -21.2402343750000       0.252236307713148     
  -21.1181640625000       0.252690713232107     
  -20.9960937500000       0.253149098589230     
  -20.8740234375000       0.253611521815336     
  -20.7519531250000       0.254078042128381     
  -20.6298828125000       0.254548719964789     
  -20.5078125000000       0.255023617011791     
  -20.3857421875000       0.255502796240816     
  -20.2636718750000       0.255986321941985     
  -20.1416015625000       0.256474259759730     
  -20.0195312500000       0.256966676729603     
  -19.8974609375000       0.257463641316305     
  -19.7753906250000       0.257965223452996     
  -19.6533203125000       0.258471494581934     
  -19.5312500000000       0.258982527696484     
  -19.4091796875000       0.259498397384572     
  -19.2871093750000       0.260019179873628     
  -19.1650390625000       0.260544953077090     
  -19.0429687500000       0.261075796642513     
  -18.9208984375000       0.261611792001379     
  -18.7988281250000       0.262153022420653     
  -18.6767578125000       0.262699573056171     
  -18.5546875000000       0.263251531007933     
  -18.4326171875000       0.263808985377384     
  -18.3105468750000       0.264372027326765     
  -18.1884765625000       0.264940750140626     
  -18.0664062500000       0.265515249289591     
  -17.9443359375000       0.266095622496477     
  -17.8222656250000       0.266681969804867     
  -17.7001953125000       0.267274393650246     
  -17.5781250000000       0.267872998933812     
  -17.4560546875000       0.268477893099088     
  -17.3339843750000       0.269089186211456     
  -17.2729492187500       0.269397267505402     
  -17.2119140625000       0.269706991040735     
  -17.1508789062500       0.270018371350325     
  -17.0898437500000       0.270331423146973     
  -17.0288085937500       0.270646161326278     
  -16.9677734375000       0.270962600969558     
  -16.9067382812500       0.271280757346831     
  -16.8457031250000       0.271600645919845     
  -16.7846679687500       0.271922282345184     
  -16.7236328125000       0.272245682477420     
  -16.6625976562500       0.272570862372337     
  -16.6015625000000       0.272897838290215     
  -16.5405273437500       0.273226626699178     
  -16.4794921875000       0.273557244278617     
  -16.4184570312500       0.273889707922671     
  -16.3574218750000       0.274224034743787     
  -16.2963867187500       0.274560242076350     
  -16.2353515625000       0.274898347480382     
  -16.1743164062500       0.275238368745323     
  -16.1132812500000       0.275580323893886     
  -16.0522460937500       0.275924231185994     
  -15.9912109375000       0.276270109122792     
  -15.9301757812500       0.276617976450752     
  -15.8691406250000       0.276967852165852     
  -15.8081054687500       0.277319755517852     
  -15.7470703125000       0.277673706014655     
  -15.6860351562500       0.278029723426761     
  -15.6250000000000       0.278387827791810     
  -15.5639648437500       0.278748039419233     
  -15.5029296875000       0.279110378894986     
  -15.4418945312500       0.279474867086402     
  -15.3808593750000       0.279841525147133     
  -15.3198242187500       0.280210374522205     
  -15.2587890625000       0.280581436953184     
  -15.1977539062500       0.280954734483446     
  -15.1367187500000       0.281330289463573     
  -15.0756835937500       0.281708124556855     
  -15.0146484375000       0.282088262744923     
  -14.9536132812500       0.282470727333499     
  -14.8925781250000       0.282855541958277     
  -14.8315429687500       0.283242730590931     
  -14.7705078125000       0.283632317545263     
  -14.7094726562500       0.284024327483482     
  -14.6484375000000       0.284418785422626     
  -14.5874023437500       0.284815716741135     
  -14.5263671875000       0.285215147185560     
  -14.4653320312500       0.285617102877437     
  -14.4042968750000       0.286021610320312     
  -14.3432617187500       0.286428696406931     
  -14.2822265625000       0.286838388426586     
  -14.2211914062500       0.287250714072644     
  -14.1601562500000       0.287665701450242     
  -14.0991210937500       0.288083379084161     
  -14.0380859375000       0.288503775926894     
  -13.9770507812500       0.288926921366889     
  -13.9160156250000       0.289352845236999     
  -13.8549804687500       0.289781577823127     
  -13.7939453125000       0.290213149873073     
  -13.7329101562500       0.290647592605606     
  -13.6718750000000       0.291084937719734     
  -13.6108398437500       0.291525217404218     
  -13.5498046875000       0.291968464347298     
  -13.4887695312500       0.292414711746672     
  -13.4277343750000       0.292863993319704     
  -13.3666992187500       0.293316343313897     
  -13.3056640625000       0.293771796517609     
  -13.2446289062500       0.294230388271047     
  -13.1835937500000       0.294692154477528     
  -13.1225585937500       0.295157131615021     
  -13.0615234375000       0.295625356747982     
  -13.0004882812500       0.296096867539484     
  -12.9394531250000       0.296571702263654     
  -12.8784179687500       0.297049899818432     
  -12.8173828125000       0.297531499738647     
  -12.7563476562500       0.298016542209433     
  -12.6953125000000       0.298505068079995     
  -12.6342773437500       0.298997118877721     
  -12.5732421875000       0.299492736822674     
  -12.5122070312500       0.299991964842451     
  -12.4511718750000       0.300494846587440     
  -12.3901367187500       0.301001426446476     
  -12.3291015625000       0.301511749562914     
  -12.2680664062500       0.302025861851128     
  -12.2070312500000       0.302543810013452     
  -12.1459960937500       0.303065641557581     
  -12.0849609375000       0.303591404814431     
  -12.0239257812500       0.304121148956500     
  -11.9628906250000       0.304654924016713     
  -11.9018554687500       0.305192780907797     
  -11.8408203125000       0.305734771442183     
  -11.7797851562500       0.306280948352458     
  -11.7187500000000       0.306831365312394     
  -11.6577148437500       0.307386076958551     
  -11.5966796875000       0.307945138912506     
  -11.5356445312500       0.308508607803688     
  -11.4746093750000       0.309076541292880     
  -11.4135742187500       0.309648998096383     
  -11.3525390625000       0.310226038010868     
  -11.2915039062500       0.310807721938957     
  -11.2304687500000       0.311394111915532     
  -11.1694335937500       0.311985271134820     
  -11.1083984375000       0.312581263978261     
  -11.0473632812500       0.313182156043209     
  -10.9863281250000       0.313788014172468     
  -10.9252929687500       0.314398906484714     
  -10.8642578125000       0.315014902405826     
  -10.8032226562500       0.315636072701156     
  -10.7421875000000       0.316262489508775     
  -10.6811523437500       0.316894226373728     
  -10.6201171875000       0.317531358283337     
  -10.5590820312500       0.318173961703588     
  -10.4980468750000       0.318822114616634     
  -10.4370117187500       0.319475896559476     
  -10.3759765625000       0.320135388663836     
  -10.3149414062500       0.320800673697293     
  -10.2539062500000       0.321471836105714     
  -10.1928710937500       0.322148962057024     
  -10.1318359375000       0.322832139486387     
  -10.0708007812500       0.323521458142826     
  -10.0097656250000       0.324217009637354     
  -9.94873046875000       0.324918887492663     
  -9.88769531250000       0.325627187194437     
  -9.82666015625000       0.326342006244358     
  -9.76562500000000       0.327063444214848     
  -9.70458984375000       0.327791602805643     
  -9.64355468750000       0.328526585902253     
  -9.58251953125000       0.329268499636387     
  -9.52148437500000       0.330017452448422     
  -9.46044921875000       0.330773555152002     
  -9.39941406250000       0.331536921000840     
  -9.33837890625000       0.332307665757829     
  -9.27734375000000       0.333085907766541     
  -9.21630859375000       0.333871768025226     
  -9.15527343750000       0.334665370263398     
  -9.09423828125000       0.335466841021134     
  -9.03320312500000       0.336276309731179     
  -8.97216796875000       0.337093908803993     
  -8.91113281250000       0.337919773715855     
  -8.85009765625000       0.338754043100157     
  -8.78906250000000       0.339596858842017     
  -8.72802734375000       0.340448366176371     
  -8.66699218750000       0.341308713789675     
  -8.60595703125000       0.342178053925393     
  -8.54492187500000       0.343056542493418     
  -8.48388671875000       0.343944339183619     
  -8.42285156250000       0.344841607583687     
  -8.36181640625000       0.345748515301474     
  -8.30078125000000       0.346665234092025     
  -8.23974609375000       0.347591939989524     
  -8.17871093750000       0.348528813444377     
  -8.11767578125000       0.349476039465656     
  -8.05664062500000       0.350433807769171     
  -7.99560546875000       0.351402312931419     
  -7.93457031250000       0.352381754549689     
  -7.87353515625000       0.353372337408627     
  -7.81250000000000       0.354374271653541     
  -7.75146484375000       0.355387772970798     
  -7.69042968750000       0.356413062775641     
  -7.62939453125000       0.357450368407788     
  -7.56835937500000       0.358499923335195     
  -7.50732421875000       0.359561967366393     
  -7.44628906250000       0.360636746871811     
  -7.41577148437500       0.361178991268971     
  -7.38525390625000       0.361724515014549     
  -7.35473632812500       0.362273350854774     
  -7.32421875000000       0.362825531991070     
  -7.29370117187500       0.363381092088154     
  -7.26318359375000       0.363940065282316     
  -7.23266601562500       0.364502486189868     
  -7.20214843750000       0.365068389915787     
  -7.17163085937500       0.365637812062548     
  -7.14111328125000       0.366210788739139     
  -7.11059570312500       0.366787356570292     
  -7.08007812500000       0.367367552705906     
  -7.04956054687500       0.367951414830683     
  -7.01904296875000       0.368538981173982     
  -6.98852539062500       0.369130290519894     
  -6.95800781250000       0.369725382217536     
  -6.92749023437500       0.370324296191588     
  -6.89697265625000       0.370927072953062     
  -6.86645507812500       0.371533753610322     
  -6.83593750000000       0.372144379880348     
  -6.80541992187500       0.372758994100265     
  -6.77490234375000       0.373377639239137     
  -6.74438476562500       0.374000358910030     
  -6.71386718750000       0.374627197382362     
  -6.68334960937500       0.375258199594530     
  -6.65283203125000       0.375893411166847     
  -6.62231445312500       0.376532878414770     
  -6.59179687500000       0.377176648362449     
  -6.56127929687500       0.377824768756592     
  -6.53076171875000       0.378477288080661     
  -6.50024414062500       0.379134255569413     
  -6.46972656250000       0.379795721223779     
  -6.43920898437500       0.380461735826108     
  -6.40869140625000       0.381132350955784     
  -6.37817382812500       0.381807619005212     
  -6.34765625000000       0.382487593196200     
  -6.31713867187500       0.383172327596745     
  -6.28662109375000       0.383861877138224     
  -6.25610351562500       0.384556297633017     
  -6.22558593750000       0.385255645792563     
  -6.19506835937500       0.385959979245864     
  -6.16455078125000       0.386669356558461     
  -6.13403320312500       0.387383837251873     
  -6.10351562500000       0.388103481823540     
  -6.07299804687500       0.388828351767260     
  -6.04248046875000       0.389558509594153     
  -6.01196289062500       0.390294018854159     
  -5.98144531250000       0.391034944158089     
  -5.95092773437500       0.391781351200239     
  -5.92041015625000       0.392533306781595     
  -5.88989257812500       0.393290878833643     
  -5.85937500000000       0.394054136442793     
  -5.82885742187500       0.394823149875450     
  -5.79833984375000       0.395597990603747     
  -5.76782226562500       0.396378731331953     
  -5.73730468750000       0.397165446023586     
  -5.70678710937500       0.397958209929253     
  -5.67626953125000       0.398757099615233     
  -5.64575195312500       0.399562192992830     
  -5.61523437500000       0.400373569348523     
  -5.58471679687500       0.401191309374936     
  -5.55419921875000       0.402015495202653     
  -5.52368164062500       0.402846210432901     
  -5.49316406250000       0.403683540171146     
  -5.46264648437500       0.404527571061606     
  -5.43212890625000       0.405378391322733     
  -5.40161132812500       0.406236090783686     
  -5.37109375000000       0.407100760921822     
  -5.34057617187500       0.407972494901254     
  -5.31005859375000       0.408851387612494     
  -5.27954101562500       0.409737535713228     
  -5.24902343750000       0.410631037670258     
  -5.21850585937500       0.411531993802652     
  -5.18798828125000       0.412440506326136     
  -5.15747070312500       0.413356679398775     
  -5.12695312500000       0.414280619167989     
  -5.09643554687500       0.415212433818947     
  -5.06591796875000       0.416152233624381     
  -5.03540039062500       0.417100130995880     
  -5.00488281250000       0.418056240536701     
  -4.97436523437500       0.419020679096170     
  -4.94384765625000       0.419993565825702     
  -4.91333007812500       0.420975022236521     
  -4.88281250000000       0.421965172259127     
  -4.85229492187500       0.422964142304570     
  -4.82177734375000       0.423972061327611     
  -4.79125976562500       0.424989060891814     
  -4.76074218750000       0.426015275236657     
  -4.73022460937500       0.427050841346730     
  -4.69970703125000       0.428095899023088     
  -4.66918945312500       0.429150590956852     
  -4.63867187500000       0.430215062805121     
  -4.60815429687500       0.431289463269303     
  -4.57763671875000       0.432373944175930     
  -4.54711914062500       0.433468660560070     
  -4.51660156250000       0.434573770751422     
  -4.48608398437500       0.435689436463189     
  -4.45556640625000       0.436815822883857     
  -4.42504882812500       0.437953098771953     
  -4.39453125000000       0.439101436553938     
  -4.36401367187500       0.440261012425312     
  -4.33349609375000       0.441432006455091     
  -4.30297851562500       0.442614602693762     
  -4.27246093750000       0.443808989284859     
  -4.24194335937500       0.445015358580299     
  -4.21142578125000       0.446233907259635     
  -4.18090820312500       0.447464836453355     
  -4.15039062500000       0.448708351870419     
  -4.11987304687500       0.449964663930179     
  -4.08935546875000       0.451233987898855     
  -4.05883789062500       0.452516544030774     
  -4.02832031250000       0.453812557714533     
  -3.99780273437500       0.455122259624303     
  -3.96728515625000       0.456445885876482     
  -3.93676757812500       0.457783678191907     
  -3.90625000000000       0.459135884063855     
  -3.87573242187500       0.460502756932080     
  -3.84521484375000       0.461884556363121     
  -3.81469726562500       0.463281548237152     
  -3.78417968750000       0.464694004941643     
  -3.75366210937500       0.466122205572116     
  -3.72314453125000       0.467566436140295     
  -3.69262695312500       0.469026989789967     
  -3.66210937500000       0.470504167020871     
  -3.63159179687500       0.471998275920966     
  -3.60107421875000       0.473509632407433     
  -3.57055664062500       0.475038560476784     
  -3.54003906250000       0.476585392464476     
  -3.50952148437500       0.478150469314432     
  -3.47900390625000       0.479734140858913     
  -3.44848632812500       0.481336766109179     
  -3.41796875000000       0.482958713557419     
  -3.38745117187500       0.484600361490442     
  -3.35693359375000       0.486262098315651     
  -3.32641601562500       0.487944322899836     
  -3.29589843750000       0.489647444921363     
  -3.26538085937500       0.491371885236349     
  -3.23486328125000       0.493118076259454     
  -3.20434570312500       0.494886462359928     
  -3.17382812500000       0.496677500273626     
  -3.14331054687500       0.498491659531672     
  -3.11279296875000       0.500329422906560     
  -3.08227539062500       0.502191286876447     
  -3.05175781250000       0.504077762108485     
  -3.02124023437500       0.505989373962032     
  -2.99072265625000       0.507926663012663     
  -2.97546386718750       0.508905109711279     
  -2.96020507812500       0.509890185597914     
  -2.94494628906250       0.510881962770824     
  -2.92968750000000       0.511880514385738     
  -2.91442871093750       0.512885914674935     
  -2.89916992187500       0.513898238966721     
  -2.88391113281250       0.514917563705309     
  -2.86865234375000       0.515943966471117     
  -2.85339355468750       0.516977526001487     
  -2.83813476562500       0.518018322211835     
  -2.82287597656250       0.519066436217251     
  -2.80761718750000       0.520121950354545     
  -2.79235839843750       0.521184948204757     
  -2.77709960937500       0.522255514616141     
  -2.76184082031250       0.523333735727630     
  -2.74658203125000       0.524419698992803     
  -2.73132324218750       0.525513493204343     
  -2.71606445312500       0.526615208519027     
  -2.70080566406250       0.527724936483227     
  -2.68554687500000       0.528842770058965     
  -2.67028808593750       0.529968803650508     
  -2.65502929687500       0.531103133131530     
  -2.63977050781250       0.532245855872848     
  -2.62451171875000       0.533397070770743     
  -2.60925292968750       0.534556878275886     
  -2.59399414062500       0.535725380422868     
  -2.57873535156250       0.536902680860362     
  -2.56347656250000       0.538088884881922     
  -2.54821777343750       0.539284099457430     
  -2.53295898437500       0.540488433265210     
  -2.51770019531250       0.541701996724827     
  -2.50244140625000       0.542924902030567     
  -2.48718261718750       0.544157263185633     
  -2.47192382812500       0.545399196037057     
  -2.45666503906250       0.546650818311352     
  -2.44140625000000       0.547912249650904     
  -2.42614746093750       0.549183611651140     
  -2.41088867187500       0.550465027898466     
  -2.39562988281250       0.551756624008999     
  -2.38037109375000       0.553058527668110     
  -2.36511230468750       0.554370868670788     
  -2.34985351562500       0.555693778962841     
  -2.33459472656250       0.557027392682946     
  -2.31933593750000       0.558371846205570     
  -2.30407714843750       0.559727278184771     
  -2.28881835937500       0.561093829598890     
  -2.27355957031250       0.562471643796156     
  -2.25830078125000       0.563860866541215     
  -2.24304199218750       0.565261646062589     
  -2.22778320312500       0.566674133101093     
  -2.21252441406250       0.568098480959213     
  -2.19726562500000       0.569534845551451     
  -2.18200683593750       0.570983385455668     
  -2.16674804687500       0.572444261965417     
  -2.15148925781250       0.573917639143289     
  -2.13623046875000       0.575403683875274     
  -2.12097167968750       0.576902565926146     
  -2.10571289062500       0.578414457995892     
  -2.09045410156250       0.579939535777169     
  -2.07519531250000       0.581477978013812     
  -2.05993652343750       0.583029966560397     
  -2.04467773437500       0.584595686442841     
  -2.02941894531250       0.586175325920069     
  -2.01416015625000       0.587769076546720     
  -1.99890136718750       0.589377133236899     
  -1.98364257812500       0.590999694328976     
  -1.96838378906250       0.592636961651405     
  -1.95312500000000       0.594289140589566     
  -1.93786621093750       0.595956440153608     
  -1.92260742187500       0.597639073047280     
  -1.90734863281250       0.599337255737714     
  -1.89208984375000       0.601051208526147     
  -1.87683105468750       0.602781155619549     
  -1.86157226562500       0.604527325203108     
  -1.84631347656250       0.606289949513543     
  -1.83105468750000       0.608069264913189     
  -1.81579589843750       0.609865511964806     
  -1.80053710937500       0.611678935507037     
  -1.78527832031250       0.613509784730460     
  -1.77001953125000       0.615358313254143     
  -1.75476074218750       0.617224779202620     
  -1.73950195312500       0.619109445283186     
  -1.72424316406250       0.621012578863408     
  -1.70898437500000       0.622934452048716     
  -1.69372558593750       0.624875341759960     
  -1.67846679687500       0.626835529810759     
  -1.66320800781250       0.628815302984500     
  -1.64794921875000       0.630814953110789     
  -1.63269042968750       0.632834777141161     
  -1.61743164062500       0.634875077223825     
  -1.60217285156250       0.636936160777206     
  -1.58691406250000       0.639018340562013     
  -1.57165527343750       0.641121934751546     
  -1.55639648437500       0.643247266999915     
  -1.54113769531250       0.645394666507830     
  -1.52587890625000       0.647564468085572     
  -1.51062011718750       0.649757012212731     
  -1.49536132812500       0.651972645094246     
  -1.48010253906250       0.654211718712253     
  -1.46484375000000       0.656474590873197     
  -1.44958496093750       0.658761625249597     
  -1.43432617187500       0.661073191415839     
  -1.41906738281250       0.663409664877258     
  -1.40380859375000       0.665771427091762     
  -1.38854980468750       0.668158865483144     
  -1.37329101562500       0.670572373445154     
  -1.35803222656250       0.673012350335358     
  -1.34277343750000       0.675479201457668     
  -1.32751464843750       0.677973338032376     
  -1.31225585937500       0.680495177152392     
  -1.29699707031250       0.683045141724287     
  -1.28173828125000       0.685623660392615     
  -1.26647949218750       0.688231167445850     
  -1.25122070312500       0.690868102702126     
  -1.23596191406250       0.693534911372824     
  -1.22070312500000       0.696232043901861     
  -1.20544433593750       0.698959955778357     
  -1.19018554687500       0.701719107320156     
  -1.17492675781250       0.704509963425443     
  -1.15966796875000       0.707332993289490     
  -1.14440917968750       0.710188670083255     
  -1.12915039062500       0.713077470590326     
  -1.11389160156250       0.715999874798369     
  -1.09863281250000       0.718956365440900     
  -1.08337402343750       0.721947427484861     
  -1.06811523437500       0.724973547559073     
  -1.05285644531250       0.728035213318209     
  -1.03759765625000       0.731132912736482     
  -1.02233886718750       0.734267133324729     
  -1.00708007812500       0.737438361264027     
 -0.991821289062500       0.740647080448387     
 -0.976562500000000       0.743893771428442     
 -0.961303710937500       0.747178910247314     
 -0.946044921875000       0.750502967159143     
 -0.930786132812500       0.753866405219877     
 -0.915527343750000       0.757269678739091     
 -0.900268554687500       0.760713231580618     
 -0.885009765625000       0.764197495298705     
 -0.869750976562500       0.767722887095337     
 -0.854492187500000       0.771289807583086     
 -0.839233398437500       0.774898638336573     
 -0.823974609375000       0.778549739214147     
 -0.808715820312500       0.782243445429887     
 -0.793457031250000       0.785980064354317     
 -0.778198242187500       0.789759872020444     
 -0.762939453125000       0.793583109309765     
 -0.747680664062500       0.797449977790777     
 -0.732421875000000       0.801360635180257     
 -0.717163085937500       0.805315190395132     
 -0.701904296875000       0.809313698160094     
 -0.686645507812500       0.813356153133296     
 -0.671386718750000       0.817442483509367     
 -0.656127929687500       0.821572544055699     
 -0.640869140625000       0.825746108534374     
 -0.625610351562500       0.829962861458289     
 -0.610351562500000       0.834222389125852     
 -0.595092773437500       0.838524169874181     
 -0.579833984375000       0.842867563485882     
 -0.564575195312500       0.847251799679216     
 -0.549316406250000       0.851675965605771     
 -0.534057617187500       0.856138992273475     
 -0.518798828125000       0.860639639805932     
 -0.503540039062500       0.865176481441428     
 -0.488281250000000       0.869747886166456     
 -0.473022460937500       0.874351999868969     
 -0.457763671875000       0.878986724885600     
 -0.442504882812500       0.883649697804304     
 -0.427246093750000       0.888338265368876     
 -0.411987304687500       0.893049458313767     
 -0.396728515625000       0.897779962935742     
 -0.381469726562500       0.902526090181676     
 -0.366210937500000       0.907283741997571     
 -0.335693359375000       0.916814958593118     
 -0.320434570312500       0.921577934661874     
 -0.305175781250000       0.926331165704659     
 -0.289916992187500       0.931067883338860     
 -0.274658203125000       0.935780628757539     
 -0.259399414062500       0.940461186535075     
 -0.244140625000000       0.945100509926325     
 -0.236511230468750       0.947401633587364     
 -0.228881835937500       0.949688635630154     
 -0.221252441406250       0.951960111270004     
 -0.213623046875000       0.954214585210152     
 -0.205993652343750       0.956450507537804     
 -0.198364257812500       0.958666249210852     
 -0.190734863281250       0.960860097065412     
 -0.183105468750000       0.963030248258439     
 -0.175476074218750       0.965174804039455     
 -0.167846679687500       0.967291762719535     
 -0.160217285156250       0.969379011672021     
 -0.152587890625000       0.971434318155459     
 -0.144958496093750       0.973455318690979     
 -0.137329101562500       0.975439506648195     
 -0.129699707031250       0.977384217587654     
 -0.122070312500000       0.979286611761483     
 -0.114440917968750       0.981143652968751     
 -0.106811523437500       0.982952082669008     
 -9.918212890625000E-002  0.984708387830014     
 -9.155273437500000E-002  0.986408760347451     
 -8.392333984375000E-002  0.988049044895398     
 -7.629394531250000E-002  0.989624670517576     
 -6.866455078125000E-002  0.991130558729946     
 -6.103515625000000E-002  0.992560996561852     
 -5.340576171875000E-002  0.993909455150135     
 -4.577636718750000E-002  0.995168319556141     
 -3.814697265625000E-002  0.996328464607067     
 -3.433227539062500E-002  0.996868087158019     
 -3.051757812500000E-002  0.997378541149682     
 -2.670288085937500E-002  0.997857846651162     
 -2.288818359375000E-002  0.998303653365117     
 -1.907348632812500E-002  0.998713091980920     
 -1.525878906250000E-002  0.999082524373113     
 -1.144409179687500E-002  0.999407081224883     
 -7.629394531250000E-003  0.999679672163893     
 -3.814697265625000E-003  0.999888255390705     
  0.000000000000000E+000   1.00000000000000     
# end ! pressure-saturation
