90
-0.11628000000000002
-0.23256000000000004
-0.11628000000000002
-0.23256000000000004
-0.4651200000000001
-0.23256000000000004
-0.11628000000000002
-0.23256000000000004
-0.11628000000000002
-0.12258000000000001
-0.24516000000000002
-0.12258000000000001
-0.24516000000000002
-0.49032000000000003
-0.24516000000000002
-0.12258000000000001
-0.24516000000000002
-0.12258000000000001
-0.0882
-0.1764
-0.0882
-0.1764
-0.3528
-0.1764
-0.0882
-0.1764
-0.0882
-0.04572
-0.09144
-0.04572
-0.09144
-0.18288
-0.09144
-0.04572
-0.09144
-0.04572
-0.046259999999999996
-0.09251999999999999
-0.046259999999999996
-0.09251999999999999
-0.18503999999999998
-0.09251999999999999
-0.046259999999999996
-0.09251999999999999
-0.046259999999999996
-0.051120000000000006
-0.10224000000000001
-0.051120000000000006
-0.10224000000000001
-0.20448000000000002
-0.10224000000000001
-0.051120000000000006
-0.10224000000000001
-0.051120000000000006
-0.07307999999999999
-0.14615999999999998
-0.07307999999999999
-0.14615999999999998
-0.29231999999999997
-0.14615999999999998
-0.07307999999999999
-0.14615999999999998
-0.07307999999999999
-0.16542
-0.33084
-0.16542
-0.33084
-0.66168
-0.33084
-0.16542
-0.33084
-0.16542
-0.33156
-0.66312
-0.33156
-0.66312
-1.32624
-0.66312
-0.33156
-0.66312
-0.33156
-0.4248
-0.8496
-0.4248
-0.8496
-1.6992
-0.8496
-0.4248
-0.8496
-0.4248
