    1     0.2300    0.2300    0.2500    0.2200    0.2200    0.2200    0.2500    0.2500    0.2500    0.0000    0.0000    0.0000    0.0000    0.0000    0.0000    0.0000    0.0000    0.0000    0.0000    0.0000
    2     0.2364    0.2288    0.2481    0.2194    0.2183    0.2186    0.2486    0.2488    0.2490    0.0000    0.0000    0.0000    0.0000    0.0000    0.0000    0.0000    0.0000    0.0000    0.0000    0.0000
    3     0.2579    0.2330    0.2487    0.2192    0.2169    0.2174    0.2473    0.2477    0.2481    0.0000    0.0000    0.0000    0.0000    0.0000    0.0000    0.0000    0.0000    0.0000    0.0000    0.0000
    4     0.2248    0.2247    0.2459    0.2174    0.2180    0.2161    0.2457    0.2463    0.2469    0.0000    0.0000    0.0000    0.0000    0.0000    0.0000    0.0000    0.0000    0.0000    0.0000    0.0000
    5     0.2073    0.2236    0.2456    0.2174    0.2180    0.2161    0.2456    0.2463    0.2469    0.0000    0.0000    0.0000    0.0000    0.0000    0.0000    0.0000    0.0000    0.0000    0.0000    0.0000
    6     0.1913    0.2225    0.2454    0.2173    0.2179    0.2160    0.2456    0.2463    0.2469    0.0000    0.0000    0.0000    0.0000    0.0000    0.0000    0.0000    0.0000    0.0000    0.0000    0.0000
    7     0.1768    0.2214    0.2451    0.2172    0.2179    0.2160    0.2456    0.2463    0.2469    0.0000    0.0000    0.0000    0.0000    0.0000    0.0000    0.0000    0.0000    0.0000    0.0000    0.0000
    8     0.1636    0.2203    0.2449    0.2171    0.2179    0.2160    0.2456    0.2463    0.2469    0.0000    0.0000    0.0000    0.0000    0.0000    0.0000    0.0000    0.0000    0.0000    0.0000    0.0000
    9     0.1515    0.2192    0.2447    0.2171    0.2178    0.2160    0.2456    0.2463    0.2469    0.0000    0.0000    0.0000    0.0000    0.0000    0.0000    0.0000    0.0000    0.0000    0.0000    0.0000
   10     0.1406    0.2181    0.2444    0.2170    0.2178    0.2159    0.2456    0.2463    0.2469    0.0000    0.0000    0.0000    0.0000    0.0000    0.0000    0.0000    0.0000    0.0000    0.0000    0.0000
   11     0.1306    0.2171    0.2442    0.2169    0.2178    0.2159    0.2455    0.2463    0.2469    0.0000    0.0000    0.0000    0.0000    0.0000    0.0000    0.0000    0.0000    0.0000    0.0000    0.0000
   12     0.1215    0.2160    0.2439    0.2168    0.2177    0.2159    0.2455    0.2462    0.2469    0.0000    0.0000    0.0000    0.0000    0.0000    0.0000    0.0000    0.0000    0.0000    0.0000    0.0000
   13     0.1132    0.2149    0.2437    0.2168    0.2177    0.2159    0.2455    0.2462    0.2469    0.0000    0.0000    0.0000    0.0000    0.0000    0.0000    0.0000    0.0000    0.0000    0.0000    0.0000
   14     0.1687    0.2139    0.2435    0.2167    0.2176    0.2159    0.2455    0.2462    0.2469    0.0000    0.0000    0.0000    0.0000    0.0000    0.0000    0.0000    0.0000    0.0000    0.0000    0.0000
   15     0.2173    0.2139    0.2432    0.2166    0.2176    0.2158    0.2455    0.2462    0.2468    0.0000    0.0000    0.0000    0.0000    0.0000    0.0000    0.0000    0.0000    0.0000    0.0000    0.0000
   16     0.2164    0.2145    0.2430    0.2165    0.2176    0.2158    0.2454    0.2462    0.2468    0.0000    0.0000    0.0000    0.0000    0.0000    0.0000    0.0000    0.0000    0.0000    0.0000    0.0000
   17     0.2192    0.2162    0.2427    0.2165    0.2175    0.2158    0.2454    0.2462    0.2468    0.0000    0.0000    0.0000    0.0000    0.0000    0.0000    0.0000    0.0000    0.0000    0.0000    0.0000
   18     0.2022    0.2152    0.2425    0.2164    0.2175    0.2158    0.2454    0.2462    0.2468    0.0000    0.0000    0.0000    0.0000    0.0000    0.0000    0.0000    0.0000    0.0000    0.0000    0.0000
   19     0.1867    0.2141    0.2423    0.2163    0.2174    0.2157    0.2454    0.2462    0.2468    0.0000    0.0000    0.0000    0.0000    0.0000    0.0000    0.0000    0.0000    0.0000    0.0000    0.0000
   20     0.1783    0.2131    0.2420    0.2162    0.2174    0.2157    0.2454    0.2462    0.2468    0.0000    0.0000    0.0000    0.0000    0.0000    0.0000    0.0000    0.0000    0.0000    0.0000    0.0000
   21     0.1898    0.2121    0.2418    0.2162    0.2174    0.2157    0.2454    0.2461    0.2468    0.0000    0.0000    0.0000    0.0000    0.0000    0.0000    0.0000    0.0000    0.0000    0.0000    0.0000
   22     0.1842    0.2109    0.2415    0.2161    0.2173    0.2157    0.2453    0.2461    0.2468    0.0000    0.0000    0.0000    0.0000    0.0000    0.0000    0.0000    0.0000    0.0000    0.0000    0.0000
   23     0.1685    0.2096    0.2413    0.2160    0.2173    0.2156    0.2453    0.2461    0.2468    0.0000    0.0000    0.0000    0.0000    0.0000    0.0000    0.0000    0.0000    0.0000    0.0000    0.0000
   24     0.2614    0.2287    0.2411    0.2159    0.2173    0.2156    0.2453    0.2461    0.2468    0.0000    0.0000    0.0000    0.0000    0.0000    0.0000    0.0000    0.0000    0.0000    0.0000    0.0000
   25     0.2306    0.2248    0.2427    0.2142    0.2159    0.2145    0.2442    0.2452    0.2460    0.0000    0.0000    0.0000    0.0000    0.0000    0.0000    0.0000    0.0000    0.0000    0.0000    0.0000
   26     0.2406    0.2263    0.2414    0.2117    0.2139    0.2128    0.2425    0.2437    0.2448    0.0000    0.0000    0.0000    0.0000    0.0000    0.0000    0.0000    0.0000    0.0000    0.0000    0.0000
   27     0.2382    0.2264    0.2403    0.2092    0.2120    0.2112    0.2409    0.2423    0.2436    0.0000    0.0000    0.0000    0.0000    0.0000    0.0000    0.0000    0.0000    0.0000    0.0000    0.0000
   28     0.2185    0.2225    0.2373    0.2075    0.2106    0.2101    0.2397    0.2413    0.2428    0.0000    0.0000    0.0000    0.0000    0.0000    0.0000    0.0000    0.0000    0.0000    0.0000    0.0000
   29     0.1992    0.2203    0.2368    0.2074    0.2106    0.2100    0.2397    0.2413    0.2428    0.0000    0.0000    0.0000    0.0000    0.0000    0.0000    0.0000    0.0000    0.0000    0.0000    0.0000
   30     0.1813    0.2179    0.2363    0.2073    0.2105    0.2100    0.2396    0.2413    0.2427    0.0000    0.0000    0.0000    0.0000    0.0000    0.0000    0.0000    0.0000    0.0000    0.0000    0.0000
   31     0.1648    0.2153    0.2356    0.2073    0.2105    0.2100    0.2396    0.2413    0.2427    0.0000    0.0000    0.0000    0.0000    0.0000    0.0000    0.0000    0.0000    0.0000    0.0000    0.0000
   32     0.1488    0.2124    0.2347    0.2072    0.2104    0.2100    0.2396    0.2413    0.2427    0.0000    0.0000    0.0000    0.0000    0.0000    0.0000    0.0000    0.0000    0.0000    0.0000    0.0000
   33     0.1362    0.2101    0.2339    0.2071    0.2104    0.2100    0.2396    0.2413    0.2427    0.0000    0.0000    0.0000    0.0000    0.0000    0.0000    0.0000    0.0000    0.0000    0.0000    0.0000
   34     0.1698    0.2075    0.2329    0.2070    0.2104    0.2099    0.2396    0.2413    0.2427    0.0000    0.0000    0.0000    0.0000    0.0000    0.0000    0.0000    0.0000    0.0000    0.0000    0.0000
   35     0.2187    0.2080    0.2321    0.2069    0.2103    0.2099    0.2396    0.2413    0.2427    0.0000    0.0000    0.0000    0.0000    0.0000    0.0000    0.0000    0.0000    0.0000    0.0000    0.0000
   36     0.1989    0.2055    0.2311    0.2068    0.2103    0.2099    0.2395    0.2413    0.2427    0.0000    0.0000    0.0000    0.0000    0.0000    0.0000    0.0000    0.0000    0.0000    0.0000    0.0000
   37     0.1807    0.2029    0.2300    0.2066    0.2103    0.2099    0.2395    0.2412    0.2427    0.0000    0.0000    0.0000    0.0000    0.0000    0.0000    0.0000    0.0000    0.0000    0.0000    0.0000
   38     0.2205    0.2044    0.2290    0.2064    0.2102    0.2098    0.2395    0.2412    0.2427    0.0000    0.0000    0.0000    0.0000    0.0000    0.0000    0.0000    0.0000    0.0000    0.0000    0.0000
   39     0.2223    0.2020    0.2246    0.2042    0.2086    0.2085    0.2381    0.2401    0.2417    0.0000    0.0000    0.0000    0.0000    0.0000    0.0000    0.0000    0.0000    0.0000    0.0000    0.0000
   40     0.3298    0.2811    0.2531    0.2088    0.2075    0.2076    0.2372    0.2393    0.2410    0.0000    0.0000    0.0000    0.0000    0.0000    0.0000    0.0000    0.0000    0.0000    0.0000    0.0000
   41     0.2803    0.2631    0.2612    0.2200    0.2082    0.2067    0.2363    0.2385    0.2404    0.0000    0.0000    0.0000    0.0000    0.0000    0.0000    0.0000    0.0000    0.0000    0.0000    0.0000
   42     0.2335    0.2379    0.2503    0.2173    0.2183    0.2185    0.2349    0.2373    0.2394    0.0000    0.0000    0.0000    0.0000    0.0000    0.0000    0.0000    0.0000    0.0000    0.0000    0.0000
   43     0.2189    0.2276    0.2470    0.2167    0.2167    0.2171    0.2337    0.2362    0.2385    0.0000    0.0000    0.0000    0.0000    0.0000    0.0000    0.0000    0.0000    0.0000    0.0000    0.0000
   44     0.1971    0.2236    0.2446    0.2157    0.2165    0.2171    0.2336    0.2362    0.2385    0.0000    0.0000    0.0000    0.0000    0.0000    0.0000    0.0000    0.0000    0.0000    0.0000    0.0000
   45     0.1862    0.2192    0.2417    0.2145    0.2163    0.2171    0.2336    0.2362    0.2385    0.0000    0.0000    0.0000    0.0000    0.0000    0.0000    0.0000    0.0000    0.0000    0.0000    0.0000
   46     0.3244    0.2401    0.2465    0.2135    0.2146    0.2158    0.2324    0.2352    0.2376    0.0000    0.0000    0.0000    0.0000    0.0000    0.0000    0.0000    0.0000    0.0000    0.0000    0.0000
   47     0.2884    0.2448    0.2516    0.2165    0.2136    0.2151    0.2317    0.2346    0.2371    0.0000    0.0000    0.0000    0.0000    0.0000    0.0000    0.0000    0.0000    0.0000    0.0000    0.0000
   48     0.2387    0.2288    0.2456    0.2167    0.2181    0.2186    0.2305    0.2336    0.2362    0.0000    0.0000    0.0000    0.0000    0.0000    0.0000    0.0000    0.0000    0.0000    0.0000    0.0000
   49     0.2140    0.2208    0.2397    0.2130    0.2158    0.2172    0.2293    0.2325    0.2353    0.0000    0.0000    0.0000    0.0000    0.0000    0.0000    0.0000    0.0000    0.0000    0.0000    0.0000
   50     0.1917    0.2158    0.2360    0.2110    0.2149    0.2171    0.2293    0.2325    0.2353    0.0000    0.0000    0.0000    0.0000    0.0000    0.0000    0.0000    0.0000    0.0000    0.0000    0.0000
   51     0.1710    0.2104    0.2318    0.2086    0.2137    0.2170    0.2293    0.2325    0.2353    0.0000    0.0000    0.0000    0.0000    0.0000    0.0000    0.0000    0.0000    0.0000    0.0000    0.0000
   52     0.1521    0.2051    0.2275    0.2060    0.2122    0.2168    0.2292    0.2325    0.2353    0.0000    0.0000    0.0000    0.0000    0.0000    0.0000    0.0000    0.0000    0.0000    0.0000    0.0000
   53     0.1342    0.1991    0.2227    0.2030    0.2104    0.2164    0.2292    0.2325    0.2353    0.0000    0.0000    0.0000    0.0000    0.0000    0.0000    0.0000    0.0000    0.0000    0.0000    0.0000
   54     0.1231    0.1929    0.2175    0.1998    0.2084    0.2159    0.2292    0.2325    0.2353    0.0000    0.0000    0.0000    0.0000    0.0000    0.0000    0.0000    0.0000    0.0000    0.0000    0.0000
   55     0.1388    0.1851    0.2108    0.1955    0.2056    0.2150    0.2292    0.2324    0.2353    0.0000    0.0000    0.0000    0.0000    0.0000    0.0000    0.0000    0.0000    0.0000    0.0000    0.0000
   56     0.1256    0.1772    0.2040    0.1911    0.2026    0.2139    0.2292    0.2324    0.2353    0.0000    0.0000    0.0000    0.0000    0.0000    0.0000    0.0000    0.0000    0.0000    0.0000    0.0000
   57     0.1788    0.1678    0.1957    0.1856    0.1988    0.2122    0.2291    0.2324    0.2353    0.0000    0.0000    0.0000    0.0000    0.0000    0.0000    0.0000    0.0000    0.0000    0.0000    0.0000
   58     0.1585    0.1616    0.1904    0.1821    0.1963    0.2111    0.2290    0.2324    0.2353    0.0000    0.0000    0.0000    0.0000    0.0000    0.0000    0.0000    0.0000    0.0000    0.0000    0.0000
   59     0.1389    0.1546    0.1843    0.1779    0.1934    0.2096    0.2288    0.2324    0.2352    0.0000    0.0000    0.0000    0.0000    0.0000    0.0000    0.0000    0.0000    0.0000    0.0000    0.0000
   60     0.1256    0.1466    0.1772    0.1731    0.1899    0.2078    0.2285    0.2324    0.2352    0.0000    0.0000    0.0000    0.0000    0.0000    0.0000    0.0000    0.0000    0.0000    0.0000    0.0000
   61     0.1158    0.1393    0.1689    0.1674    0.1858    0.2055    0.2281    0.2324    0.2352    0.0000    0.0000    0.0000    0.0000    0.0000    0.0000    0.0000    0.0000    0.0000    0.0000    0.0000
   62     0.1075    0.1350    0.1595    0.1610    0.1810    0.2028    0.2275    0.2324    0.2352    0.0000    0.0000    0.0000    0.0000    0.0000    0.0000    0.0000    0.0000    0.0000    0.0000    0.0000
   63     0.1002    0.1310    0.1533    0.1520    0.1744    0.1989    0.2266    0.2324    0.2352    0.0000    0.0000    0.0000    0.0000    0.0000    0.0000    0.0000    0.0000    0.0000    0.0000    0.0000
   64     0.0938    0.1278    0.1493    0.1419    0.1668    0.1944    0.2253    0.2323    0.2352    0.0000    0.0000    0.0000    0.0000    0.0000    0.0000    0.0000    0.0000    0.0000    0.0000    0.0000
   65     0.0880    0.1248    0.1458    0.1344    0.1573    0.1886    0.2235    0.2323    0.2352    0.0000    0.0000    0.0000    0.0000    0.0000    0.0000    0.0000    0.0000    0.0000    0.0000    0.0000
   66     0.0827    0.1220    0.1426    0.1298    0.1460    0.1811    0.2211    0.2322    0.2352    0.0000    0.0000    0.0000    0.0000    0.0000    0.0000    0.0000    0.0000    0.0000    0.0000    0.0000
   67     0.1543    0.1197    0.1401    0.1267    0.1419    0.1732    0.2183    0.2321    0.2352    0.0000    0.0000    0.0000    0.0000    0.0000    0.0000    0.0000    0.0000    0.0000    0.0000    0.0000
   68     0.1173    0.1179    0.1383    0.1246    0.1393    0.1659    0.2157    0.2319    0.2352    0.0000    0.0000    0.0000    0.0000    0.0000    0.0000    0.0000    0.0000    0.0000    0.0000    0.0000
   69     0.1077    0.1159    0.1362    0.1223    0.1366    0.1561    0.2121    0.2316    0.2352    0.0000    0.0000    0.0000    0.0000    0.0000    0.0000    0.0000    0.0000    0.0000    0.0000    0.0000
   70     0.1000    0.1142    0.1345    0.1203    0.1344    0.1476    0.2080    0.2312    0.2352    0.0000    0.0000    0.0000    0.0000    0.0000    0.0000    0.0000    0.0000    0.0000    0.0000    0.0000
   71     0.0936    0.1126    0.1329    0.1187    0.1325    0.1436    0.2037    0.2308    0.2352    0.0000    0.0000    0.0000    0.0000    0.0000    0.0000    0.0000    0.0000    0.0000    0.0000    0.0000
   72     0.0878    0.1112    0.1315    0.1172    0.1309    0.1408    0.1992    0.2302    0.2352    0.0000    0.0000    0.0000    0.0000    0.0000    0.0000    0.0000    0.0000    0.0000    0.0000    0.0000
   73     0.0826    0.1099    0.1302    0.1160    0.1295    0.1385    0.1946    0.2296    0.2351    0.0000    0.0000    0.0000    0.0000    0.0000    0.0000    0.0000    0.0000    0.0000    0.0000    0.0000
   74     0.0778    0.1086    0.1291    0.1148    0.1283    0.1367    0.1898    0.2289    0.2351    0.0000    0.0000    0.0000    0.0000    0.0000    0.0000    0.0000    0.0000    0.0000    0.0000    0.0000
   75     0.0734    0.1075    0.1280    0.1137    0.1271    0.1351    0.1848    0.2282    0.2351    0.0000    0.0000    0.0000    0.0000    0.0000    0.0000    0.0000    0.0000    0.0000    0.0000    0.0000
   76     0.0694    0.1064    0.1270    0.1128    0.1261    0.1337    0.1798    0.2274    0.2351    0.0000    0.0000    0.0000    0.0000    0.0000    0.0000    0.0000    0.0000    0.0000    0.0000    0.0000
   77     0.0658    0.1054    0.1261    0.1119    0.1251    0.1325    0.1746    0.2265    0.2351    0.0000    0.0000    0.0000    0.0000    0.0000    0.0000    0.0000    0.0000    0.0000    0.0000    0.0000
   78     0.0625    0.1045    0.1253    0.1111    0.1243    0.1314    0.1694    0.2256    0.2351    0.0000    0.0000    0.0000    0.0000    0.0000    0.0000    0.0000    0.0000    0.0000    0.0000    0.0000
   79     0.0595    0.1036    0.1245    0.1103    0.1235    0.1304    0.1642    0.2247    0.2351    0.0000    0.0000    0.0000    0.0000    0.0000    0.0000    0.0000    0.0000    0.0000    0.0000    0.0000
   80     0.1484    0.1028    0.1238    0.1096    0.1227    0.1295    0.1590    0.2238    0.2351    0.0000    0.0000    0.0000    0.0000    0.0000    0.0000    0.0000    0.0000    0.0000    0.0000    0.0000
   81     0.1393    0.1022    0.1235    0.1094    0.1225    0.1292    0.1571    0.2234    0.2351    0.0000    0.0000    0.0000    0.0000    0.0000    0.0000    0.0000    0.0000    0.0000    0.0000    0.0000
   82     0.3315    0.2211    0.1225    0.1087    0.1218    0.1285    0.1548    0.2225    0.2346    0.0000    0.0000    0.0000    0.0000    0.0000    0.0000    0.0000    0.0000    0.0000    0.0000    0.0000
   83     0.2729    0.2296    0.1267    0.1081    0.1213    0.1280    0.1538    0.2218    0.2341    0.0000    0.0000    0.0000    0.0000    0.0000    0.0000    0.0000    0.0000    0.0000    0.0000    0.0000
   84     0.2298    0.2210    0.1285    0.1071    0.1203    0.1271    0.1521    0.2205    0.2332    0.0000    0.0000    0.0000    0.0000    0.0000    0.0000    0.0000    0.0000    0.0000    0.0000    0.0000
   85     0.2147    0.2124    0.1272    0.1063    0.1196    0.1264    0.1509    0.2196    0.2325    0.0000    0.0000    0.0000    0.0000    0.0000    0.0000    0.0000    0.0000    0.0000    0.0000    0.0000
   86     0.1915    0.2057    0.1269    0.1062    0.1195    0.1263    0.1505    0.2194    0.2325    0.0000    0.0000    0.0000    0.0000    0.0000    0.0000    0.0000    0.0000    0.0000    0.0000    0.0000
   87     0.1671    0.1962    0.1266    0.1060    0.1193    0.1261    0.1498    0.2191    0.2325    0.0000    0.0000    0.0000    0.0000    0.0000    0.0000    0.0000    0.0000    0.0000    0.0000    0.0000
   88     0.1458    0.1876    0.1263    0.1059    0.1192    0.1260    0.1492    0.2189    0.2324    0.0000    0.0000    0.0000    0.0000    0.0000    0.0000    0.0000    0.0000    0.0000    0.0000    0.0000
   89     0.2709    0.2085    0.1262    0.1058    0.1191    0.1259    0.1490    0.2188    0.2324    0.0000    0.0000    0.0000    0.0000    0.0000    0.0000    0.0000    0.0000    0.0000    0.0000    0.0000
   90     0.2246    0.2080    0.1242    0.1047    0.1181    0.1249    0.1477    0.2174    0.2313    0.0000    0.0000    0.0000    0.0000    0.0000    0.0000    0.0000    0.0000    0.0000    0.0000    0.0000
   91     0.2028    0.2032    0.1240    0.1046    0.1180    0.1249    0.1475    0.2173    0.2313    0.0000    0.0000    0.0000    0.0000    0.0000    0.0000    0.0000    0.0000    0.0000    0.0000    0.0000
   92     0.1841    0.1995    0.1239    0.1045    0.1180    0.1248    0.1473    0.2172    0.2313    0.0000    0.0000    0.0000    0.0000    0.0000    0.0000    0.0000    0.0000    0.0000    0.0000    0.0000
   93     0.2061    0.1966    0.1237    0.1045    0.1179    0.1248    0.1472    0.2171    0.2312    0.0000    0.0000    0.0000    0.0000    0.0000    0.0000    0.0000    0.0000    0.0000    0.0000    0.0000
   94     0.1884    0.1941    0.1236    0.1044    0.1179    0.1247    0.1471    0.2170    0.2312    0.0000    0.0000    0.0000    0.0000    0.0000    0.0000    0.0000    0.0000    0.0000    0.0000    0.0000
   95     0.1734    0.1925    0.1235    0.1044    0.1179    0.1247    0.1470    0.2170    0.2312    0.0000    0.0000    0.0000    0.0000    0.0000    0.0000    0.0000    0.0000    0.0000    0.0000    0.0000
   96     0.1603    0.1915    0.1234    0.1043    0.1178    0.1247    0.1470    0.2170    0.2312    0.0000    0.0000    0.0000    0.0000    0.0000    0.0000    0.0000    0.0000    0.0000    0.0000    0.0000
   97     0.1486    0.1905    0.1233    0.1043    0.1178    0.1247    0.1470    0.2170    0.2312    0.0000    0.0000    0.0000    0.0000    0.0000    0.0000    0.0000    0.0000    0.0000    0.0000    0.0000
   98     0.1379    0.1896    0.1232    0.1043    0.1178    0.1247    0.1470    0.2170    0.2312    0.0000    0.0000    0.0000    0.0000    0.0000    0.0000    0.0000    0.0000    0.0000    0.0000    0.0000
   99     0.2234    0.1918    0.1231    0.1043    0.1178    0.1247    0.1470    0.2170    0.2312    0.0000    0.0000    0.0000    0.0000    0.0000    0.0000    0.0000    0.0000    0.0000    0.0000    0.0000
  100     0.2061    0.1909    0.1230    0.1042    0.1178    0.1246    0.1470    0.2169    0.2312    0.0000    0.0000    0.0000    0.0000    0.0000    0.0000    0.0000    0.0000    0.0000    0.0000    0.0000
  101     0.2832    0.2150    0.1212    0.1032    0.1168    0.1238    0.1461    0.2157    0.2301    0.0000    0.0000    0.0000    0.0000    0.0000    0.0000    0.0000    0.0000    0.0000    0.0000    0.0000
  102     0.2862    0.2322    0.1254    0.1022    0.1159    0.1230    0.1452    0.2145    0.2290    0.0000    0.0000    0.0000    0.0000    0.0000    0.0000    0.0000    0.0000    0.0000    0.0000    0.0000
