99
-0.01098
-0.02196
-0.01098
-0.02196
-0.04392
-0.02196
-0.01098
-0.02196
-0.01098
-0.023940000000000003
-0.047880000000000006
-0.023940000000000003
-0.047880000000000006
-0.09576000000000001
-0.047880000000000006
-0.023940000000000003
-0.047880000000000006
-0.023940000000000003
-0.029159999999999995
-0.05831999999999999
-0.029159999999999995
-0.05831999999999999
-0.11663999999999998
-0.05831999999999999
-0.029159999999999995
-0.05831999999999999
-0.029159999999999995
-0.02286
-0.04572
-0.02286
-0.04572
-0.09144
-0.04572
-0.02286
-0.04572
-0.02286
-0.014219999999999998
-0.028439999999999997
-0.014219999999999998
-0.028439999999999997
-0.05687999999999999
-0.028439999999999997
-0.014219999999999998
-0.028439999999999997
-0.014219999999999998
-0.016200000000000003
-0.032400000000000005
-0.016200000000000003
-0.032400000000000005
-0.06480000000000001
-0.032400000000000005
-0.016200000000000003
-0.032400000000000005
-0.016200000000000003
-0.019260000000000003
-0.038520000000000006
-0.019260000000000003
-0.038520000000000006
-0.07704000000000001
-0.038520000000000006
-0.019260000000000003
-0.038520000000000006
-0.019260000000000003
-0.0234
-0.0468
-0.0234
-0.0468
-0.0936
-0.0468
-0.0234
-0.0468
-0.0234
-0.032400000000000005
-0.06480000000000001
-0.032400000000000005
-0.06480000000000001
-0.12960000000000002
-0.06480000000000001
-0.032400000000000005
-0.06480000000000001
-0.032400000000000005
-0.04374
-0.08748
-0.04374
-0.08748
-0.17496
-0.08748
-0.04374
-0.08748
-0.04374
-0.33408
-0.66816
-0.33408
-0.66816
-1.33632
-0.66816
-0.33408
-0.66816
-0.33408