99
-0.00396
-0.00792
-0.00396
-0.00792
-0.01584
-0.00792
-0.00396
-0.00792
-0.00396
-0.00864
-0.01728
-0.00864
-0.01728
-0.03456
-0.01728
-0.00864
-0.01728
-0.00864
-0.01044
-0.02088
-0.01044
-0.02088
-0.04176
-0.02088
-0.01044
-0.02088
-0.01044
-0.008100000000000001
-0.016200000000000003
-0.008100000000000001
-0.016200000000000003
-0.032400000000000005
-0.016200000000000003
-0.008100000000000001
-0.016200000000000003
-0.008100000000000001
-0.005039999999999999
-0.010079999999999999
-0.005039999999999999
-0.010079999999999999
-0.020159999999999997
-0.010079999999999999
-0.005039999999999999
-0.010079999999999999
-0.005039999999999999
-0.00594
-0.01188
-0.00594
-0.01188
-0.02376
-0.01188
-0.00594
-0.01188
-0.00594
-0.007199999999999999
-0.014399999999999998
-0.007199999999999999
-0.014399999999999998
-0.028799999999999996
-0.014399999999999998
-0.007199999999999999
-0.014399999999999998
-0.007199999999999999
-0.00882
-0.01764
-0.00882
-0.01764
-0.03528
-0.01764
-0.00882
-0.01764
-0.00882
-0.012420000000000002
-0.024840000000000004
-0.012420000000000002
-0.024840000000000004
-0.04968000000000001
-0.024840000000000004
-0.012420000000000002
-0.024840000000000004
-0.012420000000000002
-0.01746
-0.03492
-0.01746
-0.03492
-0.06984
-0.03492
-0.01746
-0.03492
-0.01746
-0.12653999999999999
-0.25307999999999997
-0.12653999999999999
-0.25307999999999997
-0.5061599999999999
-0.25307999999999997
-0.12653999999999999
-0.25307999999999997
-0.12653999999999999