99
-0.006300000000000001
-0.012600000000000002
-0.006300000000000001
-0.012600000000000002
-0.025200000000000004
-0.012600000000000002
-0.006300000000000001
-0.012600000000000002
-0.006300000000000001
-0.013680000000000001
-0.027360000000000002
-0.013680000000000001
-0.027360000000000002
-0.054720000000000005
-0.027360000000000002
-0.013680000000000001
-0.027360000000000002
-0.013680000000000001
-0.01674
-0.03348
-0.01674
-0.03348
-0.06696
-0.03348
-0.01674
-0.03348
-0.01674
-0.013139999999999999
-0.026279999999999998
-0.013139999999999999
-0.026279999999999998
-0.052559999999999996
-0.026279999999999998
-0.013139999999999999
-0.026279999999999998
-0.013139999999999999
-0.008100000000000001
-0.016200000000000003
-0.008100000000000001
-0.016200000000000003
-0.032400000000000005
-0.016200000000000003
-0.008100000000000001
-0.016200000000000003
-0.008100000000000001
-0.009540000000000003
-0.019080000000000007
-0.009540000000000003
-0.019080000000000007
-0.03816000000000001
-0.019080000000000007
-0.009540000000000003
-0.019080000000000007
-0.009540000000000003
-0.011519999999999999
-0.023039999999999998
-0.011519999999999999
-0.023039999999999998
-0.046079999999999996
-0.023039999999999998
-0.011519999999999999
-0.023039999999999998
-0.011519999999999999
-0.014039999999999999
-0.028079999999999997
-0.014039999999999999
-0.028079999999999997
-0.056159999999999995
-0.028079999999999997
-0.014039999999999999
-0.028079999999999997
-0.014039999999999999
-0.0198
-0.0396
-0.0198
-0.0396
-0.0792
-0.0396
-0.0198
-0.0396
-0.0198
-0.027719999999999998
-0.055439999999999996
-0.027719999999999998
-0.055439999999999996
-0.11087999999999999
-0.055439999999999996
-0.027719999999999998
-0.055439999999999996
-0.027719999999999998
-0.20394
-0.40788
-0.20394
-0.40788
-0.81576
-0.40788
-0.20394
-0.40788
-0.20394