99
-0.0045000000000000005
-0.009000000000000001
-0.0045000000000000005
-0.009000000000000001
-0.018000000000000002
-0.009000000000000001
-0.0045000000000000005
-0.009000000000000001
-0.0045000000000000005
-0.0099
-0.0198
-0.0099
-0.0198
-0.0396
-0.0198
-0.0099
-0.0198
-0.0099
-0.012060000000000001
-0.024120000000000003
-0.012060000000000001
-0.024120000000000003
-0.048240000000000005
-0.024120000000000003
-0.012060000000000001
-0.024120000000000003
-0.012060000000000001
-0.009540000000000002
-0.019080000000000003
-0.009540000000000002
-0.019080000000000003
-0.038160000000000006
-0.019080000000000003
-0.009540000000000002
-0.019080000000000003
-0.009540000000000002
-0.0061200000000000004
-0.012240000000000001
-0.0061200000000000004
-0.012240000000000001
-0.024480000000000002
-0.012240000000000001
-0.0061200000000000004
-0.012240000000000001
-0.0061200000000000004
-0.007019999999999999
-0.014039999999999999
-0.007019999999999999
-0.014039999999999999
-0.028079999999999997
-0.014039999999999999
-0.007019999999999999
-0.014039999999999999
-0.007019999999999999
-0.00846
-0.01692
-0.00846
-0.01692
-0.03384
-0.01692
-0.00846
-0.01692
-0.00846
-0.01044
-0.02088
-0.01044
-0.02088
-0.04176
-0.02088
-0.01044
-0.02088
-0.01044
-0.01458
-0.02916
-0.01458
-0.02916
-0.05832
-0.02916
-0.01458
-0.02916
-0.01458
-0.01998
-0.03996
-0.01998
-0.03996
-0.07992
-0.03996
-0.01998
-0.03996
-0.01998
-0.1494
-0.2988
-0.1494
-0.2988
-0.5976
-0.2988
-0.1494
-0.2988
-0.1494