99
-0.00234
-0.00468
-0.00234
-0.00468
-0.00936
-0.00468
-0.00234
-0.00468
-0.00234
-0.00522
-0.01044
-0.00522
-0.01044
-0.02088
-0.01044
-0.00522
-0.01044
-0.00522
-0.0064800000000000005
-0.012960000000000001
-0.0064800000000000005
-0.012960000000000001
-0.025920000000000002
-0.012960000000000001
-0.0064800000000000005
-0.012960000000000001
-0.0064800000000000005
-0.00504
-0.01008
-0.00504
-0.01008
-0.02016
-0.01008
-0.00504
-0.01008
-0.00504
-0.0032400000000000003
-0.0064800000000000005
-0.0032400000000000003
-0.0064800000000000005
-0.012960000000000001
-0.0064800000000000005
-0.0032400000000000003
-0.0064800000000000005
-0.0032400000000000003
-0.0041400000000000005
-0.008280000000000001
-0.0041400000000000005
-0.008280000000000001
-0.016560000000000002
-0.008280000000000001
-0.0041400000000000005
-0.008280000000000001
-0.0041400000000000005
-0.00522
-0.01044
-0.00522
-0.01044
-0.02088
-0.01044
-0.00522
-0.01044
-0.00522
-0.006300000000000001
-0.012600000000000002
-0.006300000000000001
-0.012600000000000002
-0.025200000000000004
-0.012600000000000002
-0.006300000000000001
-0.012600000000000002
-0.006300000000000001
-0.009000000000000001
-0.018000000000000002
-0.009000000000000001
-0.018000000000000002
-0.036000000000000004
-0.018000000000000002
-0.009000000000000001
-0.018000000000000002
-0.009000000000000001
-0.012420000000000002
-0.024840000000000004
-0.012420000000000002
-0.024840000000000004
-0.04968000000000001
-0.024840000000000004
-0.012420000000000002
-0.024840000000000004
-0.012420000000000002
-0.07307999999999999
-0.14615999999999998
-0.07307999999999999
-0.14615999999999998
-0.29231999999999997
-0.14615999999999998
-0.07307999999999999
-0.14615999999999998
-0.07307999999999999