99
-0.012420000000000002
-0.024840000000000004
-0.012420000000000002
-0.024840000000000004
-0.04968000000000001
-0.024840000000000004
-0.012420000000000002
-0.024840000000000004
-0.012420000000000002
-0.027360000000000002
-0.054720000000000005
-0.027360000000000002
-0.054720000000000005
-0.10944000000000001
-0.054720000000000005
-0.027360000000000002
-0.054720000000000005
-0.027360000000000002
-0.03348
-0.06696
-0.03348
-0.06696
-0.13392
-0.06696
-0.03348
-0.06696
-0.03348
-0.026459999999999997
-0.052919999999999995
-0.026459999999999997
-0.052919999999999995
-0.10583999999999999
-0.052919999999999995
-0.026459999999999997
-0.052919999999999995
-0.026459999999999997
-0.01692
-0.03384
-0.01692
-0.03384
-0.06768
-0.03384
-0.01692
-0.03384
-0.01692
-0.019620000000000002
-0.039240000000000004
-0.019620000000000002
-0.039240000000000004
-0.07848000000000001
-0.039240000000000004
-0.019620000000000002
-0.039240000000000004
-0.019620000000000002
-0.02358
-0.04716
-0.02358
-0.04716
-0.09432
-0.04716
-0.02358
-0.04716
-0.02358
-0.028799999999999996
-0.05759999999999999
-0.028799999999999996
-0.05759999999999999
-0.11519999999999998
-0.05759999999999999
-0.028799999999999996
-0.05759999999999999
-0.028799999999999996
-0.03996
-0.07992
-0.03996
-0.07992
-0.15984
-0.07992
-0.03996
-0.07992
-0.03996
-0.05364000000000001
-0.10728000000000001
-0.05364000000000001
-0.10728000000000001
-0.21456000000000003
-0.10728000000000001
-0.05364000000000001
-0.10728000000000001
-0.05364000000000001
-0.40968000000000004
-0.8193600000000001
-0.40968000000000004
-0.8193600000000001
-1.6387200000000002
-0.8193600000000001
-0.40968000000000004
-0.8193600000000001
-0.40968000000000004