99
-0.013139999999999999
-0.026279999999999998
-0.013139999999999999
-0.026279999999999998
-0.052559999999999996
-0.026279999999999998
-0.013139999999999999
-0.026279999999999998
-0.013139999999999999
-0.028619999999999993
-0.057239999999999985
-0.028619999999999993
-0.057239999999999985
-0.11447999999999997
-0.057239999999999985
-0.028619999999999993
-0.057239999999999985
-0.028619999999999993
-0.03492
-0.06984
-0.03492
-0.06984
-0.13968
-0.06984
-0.03492
-0.06984
-0.03492
-0.02736
-0.05472
-0.02736
-0.05472
-0.10944
-0.05472
-0.02736
-0.05472
-0.02736
-0.01692
-0.03384
-0.01692
-0.03384
-0.06768
-0.03384
-0.01692
-0.03384
-0.01692
-0.019620000000000002
-0.039240000000000004
-0.019620000000000002
-0.039240000000000004
-0.07848000000000001
-0.039240000000000004
-0.019620000000000002
-0.039240000000000004
-0.019620000000000002
-0.02358
-0.04716
-0.02358
-0.04716
-0.09432
-0.04716
-0.02358
-0.04716
-0.02358
-0.028439999999999993
-0.056879999999999986
-0.028439999999999993
-0.056879999999999986
-0.11375999999999997
-0.056879999999999986
-0.028439999999999993
-0.056879999999999986
-0.028439999999999993
-0.039240000000000004
-0.07848000000000001
-0.039240000000000004
-0.07848000000000001
-0.15696000000000002
-0.07848000000000001
-0.039240000000000004
-0.07848000000000001
-0.039240000000000004
-0.05310000000000001
-0.10620000000000002
-0.05310000000000001
-0.10620000000000002
-0.21240000000000003
-0.10620000000000002
-0.05310000000000001
-0.10620000000000002
-0.05310000000000001
-0.41345999999999994
-0.8269199999999999
-0.41345999999999994
-0.8269199999999999
-1.6538399999999998
-0.8269199999999999
-0.41345999999999994
-0.8269199999999999
-0.41345999999999994