99
-0.015300000000000001
-0.030600000000000002
-0.015300000000000001
-0.030600000000000002
-0.061200000000000004
-0.030600000000000002
-0.015300000000000001
-0.030600000000000002
-0.015300000000000001
-0.033299999999999996
-0.06659999999999999
-0.033299999999999996
-0.06659999999999999
-0.13319999999999999
-0.06659999999999999
-0.033299999999999996
-0.06659999999999999
-0.033299999999999996
-0.04068
-0.08136
-0.04068
-0.08136
-0.16272
-0.08136
-0.04068
-0.08136
-0.04068
-0.03185999999999999
-0.06371999999999998
-0.03185999999999999
-0.06371999999999998
-0.12743999999999997
-0.06371999999999998
-0.03185999999999999
-0.06371999999999998
-0.03185999999999999
-0.019620000000000002
-0.039240000000000004
-0.019620000000000002
-0.039240000000000004
-0.07848000000000001
-0.039240000000000004
-0.019620000000000002
-0.039240000000000004
-0.019620000000000002
-0.02268
-0.04536
-0.02268
-0.04536
-0.09072
-0.04536
-0.02268
-0.04536
-0.02268
-0.027180000000000003
-0.054360000000000006
-0.027180000000000003
-0.054360000000000006
-0.10872000000000001
-0.054360000000000006
-0.027180000000000003
-0.054360000000000006
-0.027180000000000003
-0.032760000000000004
-0.06552000000000001
-0.032760000000000004
-0.06552000000000001
-0.13104000000000002
-0.06552000000000001
-0.032760000000000004
-0.06552000000000001
-0.032760000000000004
-0.045
-0.09
-0.045
-0.09
-0.18
-0.09
-0.045
-0.09
-0.045
-0.060480000000000006
-0.12096000000000001
-0.060480000000000006
-0.12096000000000001
-0.24192000000000002
-0.12096000000000001
-0.060480000000000006
-0.12096000000000001
-0.060480000000000006
-0.48041999999999996
-0.9608399999999999
-0.48041999999999996
-0.9608399999999999
-1.9216799999999998
-0.9608399999999999
-0.48041999999999996
-0.9608399999999999
-0.48041999999999996