99
-0.017820000000000003
-0.035640000000000005
-0.017820000000000003
-0.035640000000000005
-0.07128000000000001
-0.035640000000000005
-0.017820000000000003
-0.035640000000000005
-0.017820000000000003
-0.038700000000000005
-0.07740000000000001
-0.038700000000000005
-0.07740000000000001
-0.15480000000000002
-0.07740000000000001
-0.038700000000000005
-0.07740000000000001
-0.038700000000000005
-0.04716
-0.09432
-0.04716
-0.09432
-0.18864
-0.09432
-0.04716
-0.09432
-0.04716
-0.036899999999999995
-0.07379999999999999
-0.036899999999999995
-0.07379999999999999
-0.14759999999999998
-0.07379999999999999
-0.036899999999999995
-0.07379999999999999
-0.036899999999999995
-0.02268
-0.04536
-0.02268
-0.04536
-0.09072
-0.04536
-0.02268
-0.04536
-0.02268
-0.0261
-0.0522
-0.0261
-0.0522
-0.1044
-0.0522
-0.0261
-0.0522
-0.0261
-0.031139999999999994
-0.06227999999999999
-0.031139999999999994
-0.06227999999999999
-0.12455999999999998
-0.06227999999999999
-0.031139999999999994
-0.06227999999999999
-0.031139999999999994
-0.03762
-0.07524
-0.03762
-0.07524
-0.15048
-0.07524
-0.03762
-0.07524
-0.03762
-0.05147999999999999
-0.10295999999999998
-0.05147999999999999
-0.10295999999999998
-0.20591999999999996
-0.10295999999999998
-0.05147999999999999
-0.10295999999999998
-0.05147999999999999
-0.06803999999999999
-0.13607999999999998
-0.06803999999999999
-0.13607999999999998
-0.27215999999999996
-0.13607999999999998
-0.06803999999999999
-0.13607999999999998
-0.06803999999999999
-0.5504399999999999
-1.1008799999999999
-0.5504399999999999
-1.1008799999999999
-2.2017599999999997
-1.1008799999999999
-0.5504399999999999
-1.1008799999999999
-0.5504399999999999