99
-0.007560000000000001
-0.015120000000000001
-0.007560000000000001
-0.015120000000000001
-0.030240000000000003
-0.015120000000000001
-0.007560000000000001
-0.015120000000000001
-0.007560000000000001
-0.016380000000000002
-0.032760000000000004
-0.016380000000000002
-0.032760000000000004
-0.06552000000000001
-0.032760000000000004
-0.016380000000000002
-0.032760000000000004
-0.016380000000000002
-0.0198
-0.0396
-0.0198
-0.0396
-0.0792
-0.0396
-0.0198
-0.0396
-0.0198
-0.01548
-0.03096
-0.01548
-0.03096
-0.06192
-0.03096
-0.01548
-0.03096
-0.01548
-0.010440000000000001
-0.020880000000000003
-0.010440000000000001
-0.020880000000000003
-0.041760000000000005
-0.020880000000000003
-0.010440000000000001
-0.020880000000000003
-0.010440000000000001
-0.013140000000000002
-0.026280000000000005
-0.013140000000000002
-0.026280000000000005
-0.05256000000000001
-0.026280000000000005
-0.013140000000000002
-0.026280000000000005
-0.013140000000000002
-0.016200000000000003
-0.032400000000000005
-0.016200000000000003
-0.032400000000000005
-0.06480000000000001
-0.032400000000000005
-0.016200000000000003
-0.032400000000000005
-0.016200000000000003
-0.02016
-0.04032
-0.02016
-0.04032
-0.08064
-0.04032
-0.02016
-0.04032
-0.02016
-0.028259999999999997
-0.056519999999999994
-0.028259999999999997
-0.056519999999999994
-0.11303999999999999
-0.056519999999999994
-0.028259999999999997
-0.056519999999999994
-0.028259999999999997
-0.03816000000000001
-0.07632000000000003
-0.03816000000000001
-0.07632000000000003
-0.15264000000000005
-0.07632000000000003
-0.03816000000000001
-0.07632000000000003
-0.03816000000000001
-0.22769999999999999
-0.45539999999999997
-0.22769999999999999
-0.45539999999999997
-0.9107999999999999
-0.45539999999999997
-0.22769999999999999
-0.45539999999999997
-0.22769999999999999