99
-0.009540000000000002
-0.019080000000000003
-0.009540000000000002
-0.019080000000000003
-0.038160000000000006
-0.019080000000000003
-0.009540000000000002
-0.019080000000000003
-0.009540000000000002
-0.02088
-0.04176
-0.02088
-0.04176
-0.08352
-0.04176
-0.02088
-0.04176
-0.02088
-0.025560000000000003
-0.051120000000000006
-0.025560000000000003
-0.051120000000000006
-0.10224000000000001
-0.051120000000000006
-0.025560000000000003
-0.051120000000000006
-0.025560000000000003
-0.01998
-0.03996
-0.01998
-0.03996
-0.07992
-0.03996
-0.01998
-0.03996
-0.01998
-0.012240000000000001
-0.024480000000000002
-0.012240000000000001
-0.024480000000000002
-0.048960000000000004
-0.024480000000000002
-0.012240000000000001
-0.024480000000000002
-0.012240000000000001
-0.014039999999999999
-0.028079999999999997
-0.014039999999999999
-0.028079999999999997
-0.056159999999999995
-0.028079999999999997
-0.014039999999999999
-0.028079999999999997
-0.014039999999999999
-0.01674
-0.03348
-0.01674
-0.03348
-0.06696
-0.03348
-0.01674
-0.03348
-0.01674
-0.020159999999999997
-0.040319999999999995
-0.020159999999999997
-0.040319999999999995
-0.08063999999999999
-0.040319999999999995
-0.020159999999999997
-0.040319999999999995
-0.020159999999999997
-0.02754
-0.05508
-0.02754
-0.05508
-0.11016
-0.05508
-0.02754
-0.05508
-0.02754
-0.03618
-0.07236
-0.03618
-0.07236
-0.14472
-0.07236
-0.03618
-0.07236
-0.03618
-0.29574
-0.59148
-0.29574
-0.59148
-1.18296
-0.59148
-0.29574
-0.59148
-0.29574