99
-0.008280000000000001
-0.016560000000000002
-0.008280000000000001
-0.016560000000000002
-0.033120000000000004
-0.016560000000000002
-0.008280000000000001
-0.016560000000000002
-0.008280000000000001
-0.018000000000000002
-0.036000000000000004
-0.018000000000000002
-0.036000000000000004
-0.07200000000000001
-0.036000000000000004
-0.018000000000000002
-0.036000000000000004
-0.018000000000000002
-0.02196
-0.04392
-0.02196
-0.04392
-0.08784
-0.04392
-0.02196
-0.04392
-0.02196
-0.0171
-0.0342
-0.0171
-0.0342
-0.0684
-0.0342
-0.0171
-0.0342
-0.0171
-0.01044
-0.02088
-0.01044
-0.02088
-0.04176
-0.02088
-0.01044
-0.02088
-0.01044
-0.012060000000000001
-0.024120000000000003
-0.012060000000000001
-0.024120000000000003
-0.048240000000000005
-0.024120000000000003
-0.012060000000000001
-0.024120000000000003
-0.012060000000000001
-0.014399999999999998
-0.028799999999999996
-0.014399999999999998
-0.028799999999999996
-0.05759999999999999
-0.028799999999999996
-0.014399999999999998
-0.028799999999999996
-0.014399999999999998
-0.01728
-0.03456
-0.01728
-0.03456
-0.06912
-0.03456
-0.01728
-0.03456
-0.01728
-0.02376
-0.04752
-0.02376
-0.04752
-0.09504
-0.04752
-0.02376
-0.04752
-0.02376
-0.03294
-0.06588
-0.03294
-0.06588
-0.13176
-0.06588
-0.03294
-0.06588
-0.03294
-0.2619
-0.5238
-0.2619
-0.5238
-1.0476
-0.5238
-0.2619
-0.5238
-0.2619