99
-0.00882
-0.01764
-0.00882
-0.01764
-0.03528
-0.01764
-0.00882
-0.01764
-0.00882
-0.019260000000000006
-0.03852000000000001
-0.019260000000000006
-0.03852000000000001
-0.07704000000000003
-0.03852000000000001
-0.019260000000000006
-0.03852000000000001
-0.019260000000000006
-0.0234
-0.0468
-0.0234
-0.0468
-0.0936
-0.0468
-0.0234
-0.0468
-0.0234
-0.018179999999999998
-0.036359999999999996
-0.018179999999999998
-0.036359999999999996
-0.07271999999999999
-0.036359999999999996
-0.018179999999999998
-0.036359999999999996
-0.018179999999999998
-0.01116
-0.02232
-0.01116
-0.02232
-0.04464
-0.02232
-0.01116
-0.02232
-0.01116
-0.012960000000000001
-0.025920000000000002
-0.012960000000000001
-0.025920000000000002
-0.051840000000000004
-0.025920000000000002
-0.012960000000000001
-0.025920000000000002
-0.012960000000000001
-0.01548
-0.03096
-0.01548
-0.03096
-0.06192
-0.03096
-0.01548
-0.03096
-0.01548
-0.018540000000000004
-0.03708000000000001
-0.018540000000000004
-0.03708000000000001
-0.07416000000000002
-0.03708000000000001
-0.018540000000000004
-0.03708000000000001
-0.018540000000000004
-0.026099999999999998
-0.052199999999999996
-0.026099999999999998
-0.052199999999999996
-0.10439999999999999
-0.052199999999999996
-0.026099999999999998
-0.052199999999999996
-0.026099999999999998
-0.03726
-0.07452
-0.03726
-0.07452
-0.14904
-0.07452
-0.03726
-0.07452
-0.03726
-0.28800000000000003
-0.5760000000000001
-0.28800000000000003
-0.5760000000000001
-1.1520000000000001
-0.5760000000000001
-0.28800000000000003
-0.5760000000000001
-0.28800000000000003