99
-0.0061200000000000004
-0.012240000000000001
-0.0061200000000000004
-0.012240000000000001
-0.024480000000000002
-0.012240000000000001
-0.0061200000000000004
-0.012240000000000001
-0.0061200000000000004
-0.013320000000000002
-0.026640000000000004
-0.013320000000000002
-0.026640000000000004
-0.05328000000000001
-0.026640000000000004
-0.013320000000000002
-0.026640000000000004
-0.013320000000000002
-0.016380000000000002
-0.032760000000000004
-0.016380000000000002
-0.032760000000000004
-0.06552000000000001
-0.032760000000000004
-0.016380000000000002
-0.032760000000000004
-0.016380000000000002
-0.012959999999999998
-0.025919999999999995
-0.012959999999999998
-0.025919999999999995
-0.05183999999999999
-0.025919999999999995
-0.012959999999999998
-0.025919999999999995
-0.012959999999999998
-0.008100000000000001
-0.016200000000000003
-0.008100000000000001
-0.016200000000000003
-0.032400000000000005
-0.016200000000000003
-0.008100000000000001
-0.016200000000000003
-0.008100000000000001
-0.009540000000000003
-0.019080000000000007
-0.009540000000000003
-0.019080000000000007
-0.03816000000000001
-0.019080000000000007
-0.009540000000000003
-0.019080000000000007
-0.009540000000000003
-0.011519999999999999
-0.023039999999999998
-0.011519999999999999
-0.023039999999999998
-0.046079999999999996
-0.023039999999999998
-0.011519999999999999
-0.023039999999999998
-0.011519999999999999
-0.01458
-0.02916
-0.01458
-0.02916
-0.05832
-0.02916
-0.01458
-0.02916
-0.01458
-0.020700000000000003
-0.041400000000000006
-0.020700000000000003
-0.041400000000000006
-0.08280000000000001
-0.041400000000000006
-0.020700000000000003
-0.041400000000000006
-0.020700000000000003
-0.027540000000000005
-0.05508000000000001
-0.027540000000000005
-0.05508000000000001
-0.11016000000000002
-0.05508000000000001
-0.027540000000000005
-0.05508000000000001
-0.027540000000000005
-0.21744000000000002
-0.43488000000000004
-0.21744000000000002
-0.43488000000000004
-0.8697600000000001
-0.43488000000000004
-0.21744000000000002
-0.43488000000000004
-0.21744000000000002