99
-0.00504
-0.01008
-0.00504
-0.01008
-0.02016
-0.01008
-0.00504
-0.01008
-0.00504
-0.01098
-0.02196
-0.01098
-0.02196
-0.04392
-0.02196
-0.01098
-0.02196
-0.01098
-0.013500000000000002
-0.027000000000000003
-0.013500000000000002
-0.027000000000000003
-0.054000000000000006
-0.027000000000000003
-0.013500000000000002
-0.027000000000000003
-0.013500000000000002
-0.010799999999999999
-0.021599999999999998
-0.010799999999999999
-0.021599999999999998
-0.043199999999999995
-0.021599999999999998
-0.010799999999999999
-0.021599999999999998
-0.010799999999999999
-0.00684
-0.01368
-0.00684
-0.01368
-0.02736
-0.01368
-0.00684
-0.01368
-0.00684
-0.00792
-0.01584
-0.00792
-0.01584
-0.03168
-0.01584
-0.00792
-0.01584
-0.00792
-0.009540000000000003
-0.019080000000000007
-0.009540000000000003
-0.019080000000000007
-0.03816000000000001
-0.019080000000000007
-0.009540000000000003
-0.019080000000000007
-0.009540000000000003
-0.01188
-0.02376
-0.01188
-0.02376
-0.04752
-0.02376
-0.01188
-0.02376
-0.01188
-0.016380000000000002
-0.032760000000000004
-0.016380000000000002
-0.032760000000000004
-0.06552000000000001
-0.032760000000000004
-0.016380000000000002
-0.032760000000000004
-0.016380000000000002
-0.02214
-0.04428
-0.02214
-0.04428
-0.08856
-0.04428
-0.02214
-0.04428
-0.02214
-0.17802000000000004
-0.3560400000000001
-0.17802000000000004
-0.3560400000000001
-0.7120800000000002
-0.3560400000000001
-0.17802000000000004
-0.3560400000000001
-0.17802000000000004