99
-0.0032399999999999994
-0.006479999999999999
-0.0032399999999999994
-0.006479999999999999
-0.012959999999999998
-0.006479999999999999
-0.0032399999999999994
-0.006479999999999999
-0.0032399999999999994
-0.007199999999999999
-0.014399999999999998
-0.007199999999999999
-0.014399999999999998
-0.028799999999999996
-0.014399999999999998
-0.007199999999999999
-0.014399999999999998
-0.007199999999999999
-0.009000000000000001
-0.018000000000000002
-0.009000000000000001
-0.018000000000000002
-0.036000000000000004
-0.018000000000000002
-0.009000000000000001
-0.018000000000000002
-0.009000000000000001
-0.007199999999999999
-0.014399999999999998
-0.007199999999999999
-0.014399999999999998
-0.028799999999999996
-0.014399999999999998
-0.007199999999999999
-0.014399999999999998
-0.007199999999999999
-0.0045000000000000005
-0.009000000000000001
-0.0045000000000000005
-0.009000000000000001
-0.018000000000000002
-0.009000000000000001
-0.0045000000000000005
-0.009000000000000001
-0.0045000000000000005
-0.00522
-0.01044
-0.00522
-0.01044
-0.02088
-0.01044
-0.00522
-0.01044
-0.00522
-0.006300000000000001
-0.012600000000000002
-0.006300000000000001
-0.012600000000000002
-0.025200000000000004
-0.012600000000000002
-0.006300000000000001
-0.012600000000000002
-0.006300000000000001
-0.007560000000000001
-0.015120000000000001
-0.007560000000000001
-0.015120000000000001
-0.030240000000000003
-0.015120000000000001
-0.007560000000000001
-0.015120000000000001
-0.007560000000000001
-0.010440000000000001
-0.020880000000000003
-0.010440000000000001
-0.020880000000000003
-0.041760000000000005
-0.020880000000000003
-0.010440000000000001
-0.020880000000000003
-0.010440000000000001
-0.014039999999999999
-0.028079999999999997
-0.014039999999999999
-0.028079999999999997
-0.056159999999999995
-0.028079999999999997
-0.014039999999999999
-0.028079999999999997
-0.014039999999999999
-0.11538
-0.23076
-0.11538
-0.23076
-0.46152
-0.23076
-0.11538
-0.23076
-0.11538