99
-0.005220000000000001
-0.010440000000000001
-0.005220000000000001
-0.010440000000000001
-0.020880000000000003
-0.010440000000000001
-0.005220000000000001
-0.010440000000000001
-0.005220000000000001
-0.01134
-0.02268
-0.01134
-0.02268
-0.04536
-0.02268
-0.01134
-0.02268
-0.01134
-0.013680000000000001
-0.027360000000000002
-0.013680000000000001
-0.027360000000000002
-0.054720000000000005
-0.027360000000000002
-0.013680000000000001
-0.027360000000000002
-0.013680000000000001
-0.010799999999999999
-0.021599999999999998
-0.010799999999999999
-0.021599999999999998
-0.043199999999999995
-0.021599999999999998
-0.010799999999999999
-0.021599999999999998
-0.010799999999999999
-0.007019999999999999
-0.014039999999999999
-0.007019999999999999
-0.014039999999999999
-0.028079999999999997
-0.014039999999999999
-0.007019999999999999
-0.014039999999999999
-0.007019999999999999
-0.008100000000000001
-0.016200000000000003
-0.008100000000000001
-0.016200000000000003
-0.032400000000000005
-0.016200000000000003
-0.008100000000000001
-0.016200000000000003
-0.008100000000000001
-0.009540000000000003
-0.019080000000000007
-0.009540000000000003
-0.019080000000000007
-0.03816000000000001
-0.019080000000000007
-0.009540000000000003
-0.019080000000000007
-0.009540000000000003
-0.0117
-0.0234
-0.0117
-0.0234
-0.0468
-0.0234
-0.0117
-0.0234
-0.0117
-0.016380000000000002
-0.032760000000000004
-0.016380000000000002
-0.032760000000000004
-0.06552000000000001
-0.032760000000000004
-0.016380000000000002
-0.032760000000000004
-0.016380000000000002
-0.02214
-0.04428
-0.02214
-0.04428
-0.08856
-0.04428
-0.02214
-0.04428
-0.02214
-0.17964
-0.35928
-0.17964
-0.35928
-0.71856
-0.35928
-0.17964
-0.35928
-0.17964