99
-0.00558
-0.01116
-0.00558
-0.01116
-0.02232
-0.01116
-0.00558
-0.01116
-0.00558
-0.012240000000000001
-0.024480000000000002
-0.012240000000000001
-0.024480000000000002
-0.048960000000000004
-0.024480000000000002
-0.012240000000000001
-0.024480000000000002
-0.012240000000000001
-0.014939999999999998
-0.029879999999999997
-0.014939999999999998
-0.029879999999999997
-0.059759999999999994
-0.029879999999999997
-0.014939999999999998
-0.029879999999999997
-0.014939999999999998
-0.01188
-0.02376
-0.01188
-0.02376
-0.04752
-0.02376
-0.01188
-0.02376
-0.01188
-0.007560000000000001
-0.015120000000000001
-0.007560000000000001
-0.015120000000000001
-0.030240000000000003
-0.015120000000000001
-0.007560000000000001
-0.015120000000000001
-0.007560000000000001
-0.00864
-0.01728
-0.00864
-0.01728
-0.03456
-0.01728
-0.00864
-0.01728
-0.00864
-0.01044
-0.02088
-0.01044
-0.02088
-0.04176
-0.02088
-0.01044
-0.02088
-0.01044
-0.012960000000000001
-0.025920000000000002
-0.012960000000000001
-0.025920000000000002
-0.051840000000000004
-0.025920000000000002
-0.012960000000000001
-0.025920000000000002
-0.012960000000000001
-0.017820000000000003
-0.035640000000000005
-0.017820000000000003
-0.035640000000000005
-0.07128000000000001
-0.035640000000000005
-0.017820000000000003
-0.035640000000000005
-0.017820000000000003
-0.024120000000000003
-0.048240000000000005
-0.024120000000000003
-0.048240000000000005
-0.09648000000000001
-0.048240000000000005
-0.024120000000000003
-0.048240000000000005
-0.024120000000000003
-0.19674
-0.39348
-0.19674
-0.39348
-0.78696
-0.39348
-0.19674
-0.39348
-0.19674