99
-0.013859999999999999
-0.027719999999999998
-0.013859999999999999
-0.027719999999999998
-0.055439999999999996
-0.027719999999999998
-0.013859999999999999
-0.027719999999999998
-0.013859999999999999
-0.030240000000000003
-0.060480000000000006
-0.030240000000000003
-0.060480000000000006
-0.12096000000000001
-0.060480000000000006
-0.030240000000000003
-0.060480000000000006
-0.030240000000000003
-0.036899999999999995
-0.07379999999999999
-0.036899999999999995
-0.07379999999999999
-0.14759999999999998
-0.07379999999999999
-0.036899999999999995
-0.07379999999999999
-0.036899999999999995
-0.02934
-0.05868
-0.02934
-0.05868
-0.11736
-0.05868
-0.02934
-0.05868
-0.02934
-0.018720000000000004
-0.03744000000000001
-0.018720000000000004
-0.03744000000000001
-0.07488000000000002
-0.03744000000000001
-0.018720000000000004
-0.03744000000000001
-0.018720000000000004
-0.021419999999999998
-0.042839999999999996
-0.021419999999999998
-0.042839999999999996
-0.08567999999999999
-0.042839999999999996
-0.021419999999999998
-0.042839999999999996
-0.021419999999999998
-0.025560000000000003
-0.051120000000000006
-0.025560000000000003
-0.051120000000000006
-0.10224000000000001
-0.051120000000000006
-0.025560000000000003
-0.051120000000000006
-0.025560000000000003
-0.03096
-0.06192
-0.03096
-0.06192
-0.12384
-0.06192
-0.03096
-0.06192
-0.03096
-0.04248
-0.08496
-0.04248
-0.08496
-0.16992
-0.08496
-0.04248
-0.08496
-0.04248
-0.05813999999999999
-0.11627999999999998
-0.05813999999999999
-0.11627999999999998
-0.23255999999999996
-0.11627999999999998
-0.05813999999999999
-0.11627999999999998
-0.05813999999999999
-0.47898
-0.95796
-0.47898
-0.95796
-1.91592
-0.95796
-0.47898
-0.95796
-0.47898