99
-0.019440000000000002
-0.038880000000000005
-0.019440000000000002
-0.038880000000000005
-0.07776000000000001
-0.038880000000000005
-0.019440000000000002
-0.038880000000000005
-0.019440000000000002
-0.04248
-0.08496
-0.04248
-0.08496
-0.16992
-0.08496
-0.04248
-0.08496
-0.04248
-0.051660000000000005
-0.10332000000000001
-0.051660000000000005
-0.10332000000000001
-0.20664000000000002
-0.10332000000000001
-0.051660000000000005
-0.10332000000000001
-0.051660000000000005
-0.0405
-0.081
-0.0405
-0.081
-0.162
-0.081
-0.0405
-0.081
-0.0405
-0.025380000000000003
-0.050760000000000007
-0.025380000000000003
-0.050760000000000007
-0.10152000000000001
-0.050760000000000007
-0.025380000000000003
-0.050760000000000007
-0.025380000000000003
-0.029339999999999998
-0.058679999999999996
-0.029339999999999998
-0.058679999999999996
-0.11735999999999999
-0.058679999999999996
-0.029339999999999998
-0.058679999999999996
-0.029339999999999998
-0.03509999999999999
-0.07019999999999998
-0.03509999999999999
-0.07019999999999998
-0.14039999999999997
-0.07019999999999998
-0.03509999999999999
-0.07019999999999998
-0.03509999999999999
-0.0423
-0.0846
-0.0423
-0.0846
-0.1692
-0.0846
-0.0423
-0.0846
-0.0423
-0.05814000000000001
-0.11628000000000002
-0.05814000000000001
-0.11628000000000002
-0.23256000000000004
-0.11628000000000002
-0.05814000000000001
-0.11628000000000002
-0.05814000000000001
-0.07937999999999999
-0.15875999999999998
-0.07937999999999999
-0.15875999999999998
-0.31751999999999997
-0.15875999999999998
-0.07937999999999999
-0.15875999999999998
-0.07937999999999999
-0.65844
-1.31688
-0.65844
-1.31688
-2.63376
-1.31688
-0.65844
-1.31688
-0.65844