99
-0.005399999999999999
-0.010799999999999999
-0.005399999999999999
-0.010799999999999999
-0.021599999999999998
-0.010799999999999999
-0.005399999999999999
-0.010799999999999999
-0.005399999999999999
-0.01188
-0.02376
-0.01188
-0.02376
-0.04752
-0.02376
-0.01188
-0.02376
-0.01188
-0.01584
-0.03168
-0.01584
-0.03168
-0.06336
-0.03168
-0.01584
-0.03168
-0.01584
-0.013499999999999998
-0.026999999999999996
-0.013499999999999998
-0.026999999999999996
-0.05399999999999999
-0.026999999999999996
-0.013499999999999998
-0.026999999999999996
-0.013499999999999998
-0.00882
-0.01764
-0.00882
-0.01764
-0.03528
-0.01764
-0.00882
-0.01764
-0.00882
-0.010079999999999999
-0.020159999999999997
-0.010079999999999999
-0.020159999999999997
-0.040319999999999995
-0.020159999999999997
-0.010079999999999999
-0.020159999999999997
-0.010079999999999999
-0.012060000000000001
-0.024120000000000003
-0.012060000000000001
-0.024120000000000003
-0.048240000000000005
-0.024120000000000003
-0.012060000000000001
-0.024120000000000003
-0.012060000000000001
-0.01548
-0.03096
-0.01548
-0.03096
-0.06192
-0.03096
-0.01548
-0.03096
-0.01548
-0.02196
-0.04392
-0.02196
-0.04392
-0.08784
-0.04392
-0.02196
-0.04392
-0.02196
-0.028979999999999995
-0.05795999999999999
-0.028979999999999995
-0.05795999999999999
-0.11591999999999998
-0.05795999999999999
-0.028979999999999995
-0.05795999999999999
-0.028979999999999995
-0.17568
-0.35136
-0.17568
-0.35136
-0.70272
-0.35136
-0.17568
-0.35136
-0.17568