99
-0.00594
-0.01188
-0.00594
-0.01188
-0.02376
-0.01188
-0.00594
-0.01188
-0.00594
-0.013140000000000002
-0.026280000000000005
-0.013140000000000002
-0.026280000000000005
-0.05256000000000001
-0.026280000000000005
-0.013140000000000002
-0.026280000000000005
-0.013140000000000002
-0.01602
-0.03204
-0.01602
-0.03204
-0.06408
-0.03204
-0.01602
-0.03204
-0.01602
-0.012420000000000002
-0.024840000000000004
-0.012420000000000002
-0.024840000000000004
-0.04968000000000001
-0.024840000000000004
-0.012420000000000002
-0.024840000000000004
-0.012420000000000002
-0.00774
-0.01548
-0.00774
-0.01548
-0.03096
-0.01548
-0.00774
-0.01548
-0.00774
-0.009000000000000001
-0.018000000000000002
-0.009000000000000001
-0.018000000000000002
-0.036000000000000004
-0.018000000000000002
-0.009000000000000001
-0.018000000000000002
-0.009000000000000001
-0.010799999999999999
-0.021599999999999998
-0.010799999999999999
-0.021599999999999998
-0.043199999999999995
-0.021599999999999998
-0.010799999999999999
-0.021599999999999998
-0.010799999999999999
-0.013320000000000002
-0.026640000000000004
-0.013320000000000002
-0.026640000000000004
-0.05328000000000001
-0.026640000000000004
-0.013320000000000002
-0.026640000000000004
-0.013320000000000002
-0.019080000000000007
-0.03816000000000001
-0.019080000000000007
-0.03816000000000001
-0.07632000000000003
-0.03816000000000001
-0.019080000000000007
-0.03816000000000001
-0.019080000000000007
-0.0261
-0.0522
-0.0261
-0.0522
-0.1044
-0.0522
-0.0261
-0.0522
-0.0261
-0.20916
-0.41832
-0.20916
-0.41832
-0.83664
-0.41832
-0.20916
-0.41832
-0.20916