99
-0.01602
-0.03204
-0.01602
-0.03204
-0.06408
-0.03204
-0.01602
-0.03204
-0.01602
-0.03509999999999999
-0.07019999999999998
-0.03509999999999999
-0.07019999999999998
-0.14039999999999997
-0.07019999999999998
-0.03509999999999999
-0.07019999999999998
-0.03509999999999999
-0.042839999999999996
-0.08567999999999999
-0.042839999999999996
-0.08567999999999999
-0.17135999999999998
-0.08567999999999999
-0.042839999999999996
-0.08567999999999999
-0.042839999999999996
-0.03348
-0.06696
-0.03348
-0.06696
-0.13392
-0.06696
-0.03348
-0.06696
-0.03348
-0.02088
-0.04176
-0.02088
-0.04176
-0.08352
-0.04176
-0.02088
-0.04176
-0.02088
-0.024300000000000002
-0.048600000000000004
-0.024300000000000002
-0.048600000000000004
-0.09720000000000001
-0.048600000000000004
-0.024300000000000002
-0.048600000000000004
-0.024300000000000002
-0.029159999999999995
-0.05831999999999999
-0.029159999999999995
-0.05831999999999999
-0.11663999999999998
-0.05831999999999999
-0.029159999999999995
-0.05831999999999999
-0.029159999999999995
-0.03546
-0.07092
-0.03546
-0.07092
-0.14184
-0.07092
-0.03546
-0.07092
-0.03546
-0.048960000000000004
-0.09792000000000001
-0.048960000000000004
-0.09792000000000001
-0.19584000000000001
-0.09792000000000001
-0.048960000000000004
-0.09792000000000001
-0.048960000000000004
-0.06624000000000001
-0.13248000000000001
-0.06624000000000001
-0.13248000000000001
-0.26496000000000003
-0.13248000000000001
-0.06624000000000001
-0.13248000000000001
-0.06624000000000001
-0.55332
-1.10664
-0.55332
-1.10664
-2.21328
-1.10664
-0.55332
-1.10664
-0.55332