99
-0.017820000000000003
-0.035640000000000005
-0.017820000000000003
-0.035640000000000005
-0.07128000000000001
-0.035640000000000005
-0.017820000000000003
-0.035640000000000005
-0.017820000000000003
-0.03888000000000001
-0.07776000000000002
-0.03888000000000001
-0.07776000000000002
-0.15552000000000005
-0.07776000000000002
-0.03888000000000001
-0.07776000000000002
-0.03888000000000001
-0.04734
-0.09468
-0.04734
-0.09468
-0.18936
-0.09468
-0.04734
-0.09468
-0.04734
-0.037079999999999995
-0.07415999999999999
-0.037079999999999995
-0.07415999999999999
-0.14831999999999998
-0.07415999999999999
-0.037079999999999995
-0.07415999999999999
-0.037079999999999995
-0.023039999999999998
-0.046079999999999996
-0.023039999999999998
-0.046079999999999996
-0.09215999999999999
-0.046079999999999996
-0.023039999999999998
-0.046079999999999996
-0.023039999999999998
-0.026640000000000004
-0.05328000000000001
-0.026640000000000004
-0.05328000000000001
-0.10656000000000002
-0.05328000000000001
-0.026640000000000004
-0.05328000000000001
-0.026640000000000004
-0.03204
-0.06408
-0.03204
-0.06408
-0.12816
-0.06408
-0.03204
-0.06408
-0.03204
-0.038700000000000005
-0.07740000000000001
-0.038700000000000005
-0.07740000000000001
-0.15480000000000002
-0.07740000000000001
-0.038700000000000005
-0.07740000000000001
-0.038700000000000005
-0.05346
-0.10692
-0.05346
-0.10692
-0.21384
-0.10692
-0.05346
-0.10692
-0.05346
-0.07236
-0.14472
-0.07236
-0.14472
-0.28944
-0.14472
-0.07236
-0.14472
-0.07236
-0.6102000000000001
-1.2204000000000002
-0.6102000000000001
-1.2204000000000002
-2.4408000000000003
-1.2204000000000002
-0.6102000000000001
-1.2204000000000002
-0.6102000000000001