99
-0.006479999999999999
-0.012959999999999998
-0.006479999999999999
-0.012959999999999998
-0.025919999999999995
-0.012959999999999998
-0.006479999999999999
-0.012959999999999998
-0.006479999999999999
-0.014219999999999997
-0.028439999999999993
-0.014219999999999997
-0.028439999999999993
-0.056879999999999986
-0.028439999999999993
-0.014219999999999997
-0.028439999999999993
-0.014219999999999997
-0.01746
-0.03492
-0.01746
-0.03492
-0.06984
-0.03492
-0.01746
-0.03492
-0.01746
-0.01368
-0.02736
-0.01368
-0.02736
-0.05472
-0.02736
-0.01368
-0.02736
-0.01368
-0.00846
-0.01692
-0.00846
-0.01692
-0.03384
-0.01692
-0.00846
-0.01692
-0.00846
-0.0099
-0.0198
-0.0099
-0.0198
-0.0396
-0.0198
-0.0099
-0.0198
-0.0099
-0.012060000000000001
-0.024120000000000003
-0.012060000000000001
-0.024120000000000003
-0.048240000000000005
-0.024120000000000003
-0.012060000000000001
-0.024120000000000003
-0.012060000000000001
-0.014759999999999999
-0.029519999999999998
-0.014759999999999999
-0.029519999999999998
-0.059039999999999995
-0.029519999999999998
-0.014759999999999999
-0.029519999999999998
-0.014759999999999999
-0.02124
-0.04248
-0.02124
-0.04248
-0.08496
-0.04248
-0.02124
-0.04248
-0.02124
-0.029519999999999998
-0.059039999999999995
-0.029519999999999998
-0.059039999999999995
-0.11807999999999999
-0.059039999999999995
-0.029519999999999998
-0.059039999999999995
-0.029519999999999998
-0.23742
-0.47484
-0.23742
-0.47484
-0.94968
-0.47484
-0.23742
-0.47484
-0.23742