99
-0.025379999999999996
-0.05075999999999999
-0.025379999999999996
-0.05075999999999999
-0.10151999999999999
-0.05075999999999999
-0.025379999999999996
-0.05075999999999999
-0.025379999999999996
-0.055439999999999996
-0.11087999999999999
-0.055439999999999996
-0.11087999999999999
-0.22175999999999998
-0.11087999999999999
-0.055439999999999996
-0.11087999999999999
-0.055439999999999996
-0.06768
-0.13536
-0.06768
-0.13536
-0.27072
-0.13536
-0.06768
-0.13536
-0.06768
-0.0531
-0.1062
-0.0531
-0.1062
-0.2124
-0.1062
-0.0531
-0.1062
-0.0531
-0.033120000000000004
-0.06624000000000001
-0.033120000000000004
-0.06624000000000001
-0.13248000000000001
-0.06624000000000001
-0.033120000000000004
-0.06624000000000001
-0.033120000000000004
-0.038700000000000005
-0.07740000000000001
-0.038700000000000005
-0.07740000000000001
-0.15480000000000002
-0.07740000000000001
-0.038700000000000005
-0.07740000000000001
-0.038700000000000005
-0.04716
-0.09432
-0.04716
-0.09432
-0.18864
-0.09432
-0.04716
-0.09432
-0.04716
-0.05831999999999999
-0.11663999999999998
-0.05831999999999999
-0.11663999999999998
-0.23327999999999996
-0.11663999999999998
-0.05831999999999999
-0.11663999999999998
-0.05831999999999999
-0.08172
-0.16344
-0.08172
-0.16344
-0.32688
-0.16344
-0.08172
-0.16344
-0.08172
-0.11052000000000002
-0.22104000000000004
-0.11052000000000002
-0.22104000000000004
-0.4420800000000001
-0.22104000000000004
-0.11052000000000002
-0.22104000000000004
-0.11052000000000002
-0.9120600000000001
-1.8241200000000002
-0.9120600000000001
-1.8241200000000002
-3.6482400000000004
-1.8241200000000002
-0.9120600000000001
-1.8241200000000002
-0.9120600000000001