99
-0.016200000000000003
-0.032400000000000005
-0.016200000000000003
-0.032400000000000005
-0.06480000000000001
-0.032400000000000005
-0.016200000000000003
-0.032400000000000005
-0.016200000000000003
-0.03528
-0.07056
-0.03528
-0.07056
-0.14112
-0.07056
-0.03528
-0.07056
-0.03528
-0.043019999999999996
-0.08603999999999999
-0.043019999999999996
-0.08603999999999999
-0.17207999999999998
-0.08603999999999999
-0.043019999999999996
-0.08603999999999999
-0.043019999999999996
-0.03384
-0.06768
-0.03384
-0.06768
-0.13536
-0.06768
-0.03384
-0.06768
-0.03384
-0.02124
-0.04248
-0.02124
-0.04248
-0.08496
-0.04248
-0.02124
-0.04248
-0.02124
-0.024840000000000004
-0.04968000000000001
-0.024840000000000004
-0.04968000000000001
-0.09936000000000002
-0.04968000000000001
-0.024840000000000004
-0.04968000000000001
-0.024840000000000004
-0.030059999999999996
-0.06011999999999999
-0.030059999999999996
-0.06011999999999999
-0.12023999999999999
-0.06011999999999999
-0.030059999999999996
-0.06011999999999999
-0.030059999999999996
-0.036539999999999996
-0.07307999999999999
-0.036539999999999996
-0.07307999999999999
-0.14615999999999998
-0.07307999999999999
-0.036539999999999996
-0.07307999999999999
-0.036539999999999996
-0.05058000000000001
-0.10116000000000001
-0.05058000000000001
-0.10116000000000001
-0.20232000000000003
-0.10116000000000001
-0.05058000000000001
-0.10116000000000001
-0.05058000000000001
-0.06912
-0.13824
-0.06912
-0.13824
-0.27648
-0.13824
-0.06912
-0.13824
-0.06912
-0.5760000000000001
-1.1520000000000001
-0.5760000000000001
-1.1520000000000001
-2.3040000000000003
-1.1520000000000001
-0.5760000000000001
-1.1520000000000001
-0.5760000000000001