99
-0.01368
-0.02736
-0.01368
-0.02736
-0.05472
-0.02736
-0.01368
-0.02736
-0.01368
-0.029879999999999997
-0.059759999999999994
-0.029879999999999997
-0.059759999999999994
-0.11951999999999999
-0.059759999999999994
-0.029879999999999997
-0.059759999999999994
-0.029879999999999997
-0.03636
-0.07272
-0.03636
-0.07272
-0.14544
-0.07272
-0.03636
-0.07272
-0.03636
-0.028619999999999996
-0.05723999999999999
-0.028619999999999996
-0.05723999999999999
-0.11447999999999998
-0.05723999999999999
-0.028619999999999996
-0.05723999999999999
-0.028619999999999996
-0.01818
-0.03636
-0.01818
-0.03636
-0.07272
-0.03636
-0.01818
-0.03636
-0.01818
-0.02106
-0.04212
-0.02106
-0.04212
-0.08424
-0.04212
-0.02106
-0.04212
-0.02106
-0.025380000000000003
-0.050760000000000007
-0.025380000000000003
-0.050760000000000007
-0.10152000000000001
-0.050760000000000007
-0.025380000000000003
-0.050760000000000007
-0.025380000000000003
-0.030779999999999995
-0.06155999999999999
-0.030779999999999995
-0.06155999999999999
-0.12311999999999998
-0.06155999999999999
-0.030779999999999995
-0.06155999999999999
-0.030779999999999995
-0.04248
-0.08496
-0.04248
-0.08496
-0.16992
-0.08496
-0.04248
-0.08496
-0.04248
-0.059219999999999995
-0.11843999999999999
-0.059219999999999995
-0.11843999999999999
-0.23687999999999998
-0.11843999999999999
-0.059219999999999995
-0.11843999999999999
-0.059219999999999995
-0.48996000000000006
-0.9799200000000001
-0.48996000000000006
-0.9799200000000001
-1.9598400000000002
-0.9799200000000001
-0.48996000000000006
-0.9799200000000001
-0.48996000000000006