99
-0.01764
-0.03528
-0.01764
-0.03528
-0.07056
-0.03528
-0.01764
-0.03528
-0.01764
-0.03852000000000001
-0.07704000000000003
-0.03852000000000001
-0.07704000000000003
-0.15408000000000005
-0.07704000000000003
-0.03852000000000001
-0.07704000000000003
-0.03852000000000001
-0.04698
-0.09396
-0.04698
-0.09396
-0.18792
-0.09396
-0.04698
-0.09396
-0.04698
-0.037079999999999995
-0.07415999999999999
-0.037079999999999995
-0.07415999999999999
-0.14831999999999998
-0.07415999999999999
-0.037079999999999995
-0.07415999999999999
-0.037079999999999995
-0.0234
-0.0468
-0.0234
-0.0468
-0.0936
-0.0468
-0.0234
-0.0468
-0.0234
-0.027000000000000003
-0.054000000000000006
-0.027000000000000003
-0.054000000000000006
-0.10800000000000001
-0.054000000000000006
-0.027000000000000003
-0.054000000000000006
-0.027000000000000003
-0.032400000000000005
-0.06480000000000001
-0.032400000000000005
-0.06480000000000001
-0.12960000000000002
-0.06480000000000001
-0.032400000000000005
-0.06480000000000001
-0.032400000000000005
-0.039240000000000004
-0.07848000000000001
-0.039240000000000004
-0.07848000000000001
-0.15696000000000002
-0.07848000000000001
-0.039240000000000004
-0.07848000000000001
-0.039240000000000004
-0.05435999999999999
-0.10871999999999998
-0.05435999999999999
-0.10871999999999998
-0.21743999999999997
-0.10871999999999998
-0.05435999999999999
-0.10871999999999998
-0.05435999999999999
-0.0756
-0.1512
-0.0756
-0.1512
-0.3024
-0.1512
-0.0756
-0.1512
-0.0756
-0.6290999999999999
-1.2581999999999998
-0.6290999999999999
-1.2581999999999998
-2.5163999999999995
-1.2581999999999998
-0.6290999999999999
-1.2581999999999998
-0.6290999999999999