99
-0.012600000000000002
-0.025200000000000004
-0.012600000000000002
-0.025200000000000004
-0.05040000000000001
-0.025200000000000004
-0.012600000000000002
-0.025200000000000004
-0.012600000000000002
-0.027540000000000005
-0.05508000000000001
-0.027540000000000005
-0.05508000000000001
-0.11016000000000002
-0.05508000000000001
-0.027540000000000005
-0.05508000000000001
-0.027540000000000005
-0.033659999999999995
-0.06731999999999999
-0.033659999999999995
-0.06731999999999999
-0.13463999999999998
-0.06731999999999999
-0.033659999999999995
-0.06731999999999999
-0.033659999999999995
-0.026639999999999997
-0.053279999999999994
-0.026639999999999997
-0.053279999999999994
-0.10655999999999999
-0.053279999999999994
-0.026639999999999997
-0.053279999999999994
-0.026639999999999997
-0.01692
-0.03384
-0.01692
-0.03384
-0.06768
-0.03384
-0.01692
-0.03384
-0.01692
-0.019440000000000006
-0.03888000000000001
-0.019440000000000006
-0.03888000000000001
-0.07776000000000002
-0.03888000000000001
-0.019440000000000006
-0.03888000000000001
-0.019440000000000006
-0.0234
-0.0468
-0.0234
-0.0468
-0.0936
-0.0468
-0.0234
-0.0468
-0.0234
-0.028619999999999993
-0.057239999999999985
-0.028619999999999993
-0.057239999999999985
-0.11447999999999997
-0.057239999999999985
-0.028619999999999993
-0.057239999999999985
-0.028619999999999993
-0.04032
-0.08064
-0.04032
-0.08064
-0.16128
-0.08064
-0.04032
-0.08064
-0.04032
-0.05598
-0.11196
-0.05598
-0.11196
-0.22392
-0.11196
-0.05598
-0.11196
-0.05598
-0.46188
-0.92376
-0.46188
-0.92376
-1.84752
-0.92376
-0.46188
-0.92376
-0.46188