99
-0.015300000000000001
-0.030600000000000002
-0.015300000000000001
-0.030600000000000002
-0.061200000000000004
-0.030600000000000002
-0.015300000000000001
-0.030600000000000002
-0.015300000000000001
-0.03348
-0.06696
-0.03348
-0.06696
-0.13392
-0.06696
-0.03348
-0.06696
-0.03348
-0.04086
-0.08172
-0.04086
-0.08172
-0.16344
-0.08172
-0.04086
-0.08172
-0.04086
-0.03222
-0.06444
-0.03222
-0.06444
-0.12888
-0.06444
-0.03222
-0.06444
-0.03222
-0.020339999999999997
-0.040679999999999994
-0.020339999999999997
-0.040679999999999994
-0.08135999999999999
-0.040679999999999994
-0.020339999999999997
-0.040679999999999994
-0.020339999999999997
-0.02358
-0.04716
-0.02358
-0.04716
-0.09432
-0.04716
-0.02358
-0.04716
-0.02358
-0.028439999999999993
-0.056879999999999986
-0.028439999999999993
-0.056879999999999986
-0.11375999999999997
-0.056879999999999986
-0.028439999999999993
-0.056879999999999986
-0.028439999999999993
-0.03492
-0.06984
-0.03492
-0.06984
-0.13968
-0.06984
-0.03492
-0.06984
-0.03492
-0.048960000000000004
-0.09792000000000001
-0.048960000000000004
-0.09792000000000001
-0.19584000000000001
-0.09792000000000001
-0.048960000000000004
-0.09792000000000001
-0.048960000000000004
-0.06678
-0.13356
-0.06678
-0.13356
-0.26712
-0.13356
-0.06678
-0.13356
-0.06678
-0.55728
-1.11456
-0.55728
-1.11456
-2.22912
-1.11456
-0.55728
-1.11456
-0.55728