99
-0.0117
-0.0234
-0.0117
-0.0234
-0.0468
-0.0234
-0.0117
-0.0234
-0.0117
-0.025560000000000003
-0.051120000000000006
-0.025560000000000003
-0.051120000000000006
-0.10224000000000001
-0.051120000000000006
-0.025560000000000003
-0.051120000000000006
-0.025560000000000003
-0.031139999999999994
-0.06227999999999999
-0.031139999999999994
-0.06227999999999999
-0.12455999999999998
-0.06227999999999999
-0.031139999999999994
-0.06227999999999999
-0.031139999999999994
-0.024480000000000002
-0.048960000000000004
-0.024480000000000002
-0.048960000000000004
-0.09792000000000001
-0.048960000000000004
-0.024480000000000002
-0.048960000000000004
-0.024480000000000002
-0.01548
-0.03096
-0.01548
-0.03096
-0.06192
-0.03096
-0.01548
-0.03096
-0.01548
-0.018000000000000002
-0.036000000000000004
-0.018000000000000002
-0.036000000000000004
-0.07200000000000001
-0.036000000000000004
-0.018000000000000002
-0.036000000000000004
-0.018000000000000002
-0.021599999999999998
-0.043199999999999995
-0.021599999999999998
-0.043199999999999995
-0.08639999999999999
-0.043199999999999995
-0.021599999999999998
-0.043199999999999995
-0.021599999999999998
-0.026460000000000004
-0.05292000000000001
-0.026460000000000004
-0.05292000000000001
-0.10584000000000002
-0.05292000000000001
-0.026460000000000004
-0.05292000000000001
-0.026460000000000004
-0.03744000000000001
-0.07488000000000002
-0.03744000000000001
-0.07488000000000002
-0.14976000000000003
-0.07488000000000002
-0.03744000000000001
-0.07488000000000002
-0.03744000000000001
-0.051120000000000006
-0.10224000000000001
-0.051120000000000006
-0.10224000000000001
-0.20448000000000002
-0.10224000000000001
-0.051120000000000006
-0.10224000000000001
-0.051120000000000006
-0.42426
-0.84852
-0.42426
-0.84852
-1.69704
-0.84852
-0.42426
-0.84852
-0.42426