99
-0.02358
-0.04716
-0.02358
-0.04716
-0.09432
-0.04716
-0.02358
-0.04716
-0.02358
-0.051660000000000005
-0.10332000000000001
-0.051660000000000005
-0.10332000000000001
-0.20664000000000002
-0.10332000000000001
-0.051660000000000005
-0.10332000000000001
-0.051660000000000005
-0.06317999999999999
-0.12635999999999997
-0.06317999999999999
-0.12635999999999997
-0.25271999999999994
-0.12635999999999997
-0.06317999999999999
-0.12635999999999997
-0.06317999999999999
-0.04986000000000001
-0.09972000000000002
-0.04986000000000001
-0.09972000000000002
-0.19944000000000003
-0.09972000000000002
-0.04986000000000001
-0.09972000000000002
-0.04986000000000001
-0.03168
-0.06336
-0.03168
-0.06336
-0.12672
-0.06336
-0.03168
-0.06336
-0.03168
-0.03672
-0.07344
-0.03672
-0.07344
-0.14688
-0.07344
-0.03672
-0.07344
-0.03672
-0.0441
-0.0882
-0.0441
-0.0882
-0.1764
-0.0882
-0.0441
-0.0882
-0.0441
-0.05382000000000001
-0.10764000000000001
-0.05382000000000001
-0.10764000000000001
-0.21528000000000003
-0.10764000000000001
-0.05382000000000001
-0.10764000000000001
-0.05382000000000001
-0.07560000000000001
-0.15120000000000003
-0.07560000000000001
-0.15120000000000003
-0.30240000000000006
-0.15120000000000003
-0.07560000000000001
-0.15120000000000003
-0.07560000000000001
-0.10457999999999999
-0.20915999999999998
-0.10457999999999999
-0.20915999999999998
-0.41831999999999997
-0.20915999999999998
-0.10457999999999999
-0.20915999999999998
-0.10457999999999999
-0.86994
-1.73988
-0.86994
-1.73988
-3.47976
-1.73988
-0.86994
-1.73988
-0.86994