99
-0.02124
-0.04248
-0.02124
-0.04248
-0.08496
-0.04248
-0.02124
-0.04248
-0.02124
-0.046259999999999996
-0.09251999999999999
-0.046259999999999996
-0.09251999999999999
-0.18503999999999998
-0.09251999999999999
-0.046259999999999996
-0.09251999999999999
-0.046259999999999996
-0.05634
-0.11268
-0.05634
-0.11268
-0.22536
-0.11268
-0.05634
-0.11268
-0.05634
-0.04446
-0.08892
-0.04446
-0.08892
-0.17784
-0.08892
-0.04446
-0.08892
-0.04446
-0.028259999999999997
-0.056519999999999994
-0.028259999999999997
-0.056519999999999994
-0.11303999999999999
-0.056519999999999994
-0.028259999999999997
-0.056519999999999994
-0.028259999999999997
-0.032760000000000004
-0.06552000000000001
-0.032760000000000004
-0.06552000000000001
-0.13104000000000002
-0.06552000000000001
-0.032760000000000004
-0.06552000000000001
-0.032760000000000004
-0.039240000000000004
-0.07848000000000001
-0.039240000000000004
-0.07848000000000001
-0.15696000000000002
-0.07848000000000001
-0.039240000000000004
-0.07848000000000001
-0.039240000000000004
-0.047880000000000006
-0.09576000000000001
-0.047880000000000006
-0.09576000000000001
-0.19152000000000002
-0.09576000000000001
-0.047880000000000006
-0.09576000000000001
-0.047880000000000006
-0.06659999999999999
-0.13319999999999999
-0.06659999999999999
-0.13319999999999999
-0.26639999999999997
-0.13319999999999999
-0.06659999999999999
-0.13319999999999999
-0.06659999999999999
-0.09054
-0.18108
-0.09054
-0.18108
-0.36216
-0.18108
-0.09054
-0.18108
-0.09054
-0.7684200000000001
-1.5368400000000002
-0.7684200000000001
-1.5368400000000002
-3.0736800000000004
-1.5368400000000002
-0.7684200000000001
-1.5368400000000002
-0.7684200000000001