99
-0.023940000000000003
-0.047880000000000006
-0.023940000000000003
-0.047880000000000006
-0.09576000000000001
-0.047880000000000006
-0.023940000000000003
-0.047880000000000006
-0.023940000000000003
-0.052020000000000004
-0.10404000000000001
-0.052020000000000004
-0.10404000000000001
-0.20808000000000001
-0.10404000000000001
-0.052020000000000004
-0.10404000000000001
-0.052020000000000004
-0.06317999999999999
-0.12635999999999997
-0.06317999999999999
-0.12635999999999997
-0.25271999999999994
-0.12635999999999997
-0.06317999999999999
-0.12635999999999997
-0.06317999999999999
-0.04968000000000001
-0.09936000000000002
-0.04968000000000001
-0.09936000000000002
-0.19872000000000004
-0.09936000000000002
-0.04968000000000001
-0.09936000000000002
-0.04968000000000001
-0.031139999999999994
-0.06227999999999999
-0.031139999999999994
-0.06227999999999999
-0.12455999999999998
-0.06227999999999999
-0.031139999999999994
-0.06227999999999999
-0.031139999999999994
-0.03582
-0.07164
-0.03582
-0.07164
-0.14328
-0.07164
-0.03582
-0.07164
-0.03582
-0.042839999999999996
-0.08567999999999999
-0.042839999999999996
-0.08567999999999999
-0.17135999999999998
-0.08567999999999999
-0.042839999999999996
-0.08567999999999999
-0.042839999999999996
-0.051840000000000004
-0.10368000000000001
-0.051840000000000004
-0.10368000000000001
-0.20736000000000002
-0.10368000000000001
-0.051840000000000004
-0.10368000000000001
-0.051840000000000004
-0.07164
-0.14328
-0.07164
-0.14328
-0.28656
-0.14328
-0.07164
-0.14328
-0.07164
-0.09792000000000001
-0.19584000000000001
-0.09792000000000001
-0.19584000000000001
-0.39168000000000003
-0.19584000000000001
-0.09792000000000001
-0.19584000000000001
-0.09792000000000001
-0.8486999999999999
-1.6973999999999998
-0.8486999999999999
-1.6973999999999998
-3.3947999999999996
-1.6973999999999998
-0.8486999999999999
-1.6973999999999998
-0.8486999999999999