99
-0.01998
-0.03996
-0.01998
-0.03996
-0.07992
-0.03996
-0.01998
-0.03996
-0.01998
-0.04356
-0.08712
-0.04356
-0.08712
-0.17424
-0.08712
-0.04356
-0.08712
-0.04356
-0.05310000000000001
-0.10620000000000002
-0.05310000000000001
-0.10620000000000002
-0.21240000000000003
-0.10620000000000002
-0.05310000000000001
-0.10620000000000002
-0.05310000000000001
-0.041580000000000006
-0.08316000000000001
-0.041580000000000006
-0.08316000000000001
-0.16632000000000002
-0.08316000000000001
-0.041580000000000006
-0.08316000000000001
-0.041580000000000006
-0.025740000000000002
-0.051480000000000005
-0.025740000000000002
-0.051480000000000005
-0.10296000000000001
-0.051480000000000005
-0.025740000000000002
-0.051480000000000005
-0.025740000000000002
-0.029699999999999997
-0.059399999999999994
-0.029699999999999997
-0.059399999999999994
-0.11879999999999999
-0.059399999999999994
-0.029699999999999997
-0.059399999999999994
-0.029699999999999997
-0.035640000000000005
-0.07128000000000001
-0.035640000000000005
-0.07128000000000001
-0.14256000000000002
-0.07128000000000001
-0.035640000000000005
-0.07128000000000001
-0.035640000000000005
-0.043019999999999996
-0.08603999999999999
-0.043019999999999996
-0.08603999999999999
-0.17207999999999998
-0.08603999999999999
-0.043019999999999996
-0.08603999999999999
-0.043019999999999996
-0.0594
-0.1188
-0.0594
-0.1188
-0.2376
-0.1188
-0.0594
-0.1188
-0.0594
-0.08172
-0.16344
-0.08172
-0.16344
-0.32688
-0.16344
-0.08172
-0.16344
-0.08172
-0.7250400000000001
-1.4500800000000003
-0.7250400000000001
-1.4500800000000003
-2.9001600000000005
-1.4500800000000003
-0.7250400000000001
-1.4500800000000003
-0.7250400000000001