99
-0.01116
-0.02232
-0.01116
-0.02232
-0.04464
-0.02232
-0.01116
-0.02232
-0.01116
-0.024300000000000002
-0.048600000000000004
-0.024300000000000002
-0.048600000000000004
-0.09720000000000001
-0.048600000000000004
-0.024300000000000002
-0.048600000000000004
-0.024300000000000002
-0.029699999999999997
-0.059399999999999994
-0.029699999999999997
-0.059399999999999994
-0.11879999999999999
-0.059399999999999994
-0.029699999999999997
-0.059399999999999994
-0.029699999999999997
-0.0234
-0.0468
-0.0234
-0.0468
-0.0936
-0.0468
-0.0234
-0.0468
-0.0234
-0.014579999999999997
-0.029159999999999995
-0.014579999999999997
-0.029159999999999995
-0.05831999999999999
-0.029159999999999995
-0.014579999999999997
-0.029159999999999995
-0.014579999999999997
-0.01674
-0.03348
-0.01674
-0.03348
-0.06696
-0.03348
-0.01674
-0.03348
-0.01674
-0.02016
-0.04032
-0.02016
-0.04032
-0.08064
-0.04032
-0.02016
-0.04032
-0.02016
-0.024840000000000004
-0.04968000000000001
-0.024840000000000004
-0.04968000000000001
-0.09936000000000002
-0.04968000000000001
-0.024840000000000004
-0.04968000000000001
-0.024840000000000004
-0.03528
-0.07056
-0.03528
-0.07056
-0.14112
-0.07056
-0.03528
-0.07056
-0.03528
-0.04950000000000001
-0.09900000000000002
-0.04950000000000001
-0.09900000000000002
-0.19800000000000004
-0.09900000000000002
-0.04950000000000001
-0.09900000000000002
-0.04950000000000001
-0.43577999999999995
-0.8715599999999999
-0.43577999999999995
-0.8715599999999999
-1.7431199999999998
-0.8715599999999999
-0.43577999999999995
-0.8715599999999999
-0.43577999999999995