99
-0.02376
-0.04752
-0.02376
-0.04752
-0.09504
-0.04752
-0.02376
-0.04752
-0.02376
-0.051840000000000004
-0.10368000000000001
-0.051840000000000004
-0.10368000000000001
-0.20736000000000002
-0.10368000000000001
-0.051840000000000004
-0.10368000000000001
-0.051840000000000004
-0.06317999999999999
-0.12635999999999997
-0.06317999999999999
-0.12635999999999997
-0.25271999999999994
-0.12635999999999997
-0.06317999999999999
-0.12635999999999997
-0.06317999999999999
-0.04950000000000001
-0.09900000000000002
-0.04950000000000001
-0.09900000000000002
-0.19800000000000004
-0.09900000000000002
-0.04950000000000001
-0.09900000000000002
-0.04950000000000001
-0.030779999999999995
-0.06155999999999999
-0.030779999999999995
-0.06155999999999999
-0.12311999999999998
-0.06155999999999999
-0.030779999999999995
-0.06155999999999999
-0.030779999999999995
-0.035640000000000005
-0.07128000000000001
-0.035640000000000005
-0.07128000000000001
-0.14256000000000002
-0.07128000000000001
-0.035640000000000005
-0.07128000000000001
-0.035640000000000005
-0.043199999999999995
-0.08639999999999999
-0.043199999999999995
-0.08639999999999999
-0.17279999999999998
-0.08639999999999999
-0.043199999999999995
-0.08639999999999999
-0.043199999999999995
-0.05328000000000001
-0.10656000000000002
-0.05328000000000001
-0.10656000000000002
-0.21312000000000003
-0.10656000000000002
-0.05328000000000001
-0.10656000000000002
-0.05328000000000001
-0.07560000000000001
-0.15120000000000003
-0.07560000000000001
-0.15120000000000003
-0.30240000000000006
-0.15120000000000003
-0.07560000000000001
-0.15120000000000003
-0.07560000000000001
-0.10529999999999999
-0.21059999999999998
-0.10529999999999999
-0.21059999999999998
-0.42119999999999996
-0.21059999999999998
-0.10529999999999999
-0.21059999999999998
-0.10529999999999999
-0.9406800000000001
-1.8813600000000001
-0.9406800000000001
-1.8813600000000001
-3.7627200000000003
-1.8813600000000001
-0.9406800000000001
-1.8813600000000001
-0.9406800000000001