99
-0.008100000000000001
-0.016200000000000003
-0.008100000000000001
-0.016200000000000003
-0.032400000000000005
-0.016200000000000003
-0.008100000000000001
-0.016200000000000003
-0.008100000000000001
-0.01764
-0.03528
-0.01764
-0.03528
-0.07056
-0.03528
-0.01764
-0.03528
-0.01764
-0.021419999999999998
-0.042839999999999996
-0.021419999999999998
-0.042839999999999996
-0.08567999999999999
-0.042839999999999996
-0.021419999999999998
-0.042839999999999996
-0.021419999999999998
-0.01674
-0.03348
-0.01674
-0.03348
-0.06696
-0.03348
-0.01674
-0.03348
-0.01674
-0.01044
-0.02088
-0.01044
-0.02088
-0.04176
-0.02088
-0.01044
-0.02088
-0.01044
-0.012240000000000001
-0.024480000000000002
-0.012240000000000001
-0.024480000000000002
-0.048960000000000004
-0.024480000000000002
-0.012240000000000001
-0.024480000000000002
-0.012240000000000001
-0.014759999999999999
-0.029519999999999998
-0.014759999999999999
-0.029519999999999998
-0.059039999999999995
-0.029519999999999998
-0.014759999999999999
-0.029519999999999998
-0.014759999999999999
-0.018000000000000002
-0.036000000000000004
-0.018000000000000002
-0.036000000000000004
-0.07200000000000001
-0.036000000000000004
-0.018000000000000002
-0.036000000000000004
-0.018000000000000002
-0.025200000000000004
-0.05040000000000001
-0.025200000000000004
-0.05040000000000001
-0.10080000000000001
-0.05040000000000001
-0.025200000000000004
-0.05040000000000001
-0.025200000000000004
-0.03492
-0.06984
-0.03492
-0.06984
-0.13968
-0.06984
-0.03492
-0.06984
-0.03492
-0.32058
-0.64116
-0.32058
-0.64116
-1.28232
-0.64116
-0.32058
-0.64116
-0.32058