99
-0.01872
-0.03744
-0.01872
-0.03744
-0.07488
-0.03744
-0.01872
-0.03744
-0.01872
-0.04104
-0.08208
-0.04104
-0.08208
-0.16416
-0.08208
-0.04104
-0.08208
-0.04104
-0.05022000000000001
-0.10044000000000002
-0.05022000000000001
-0.10044000000000002
-0.20088000000000003
-0.10044000000000002
-0.05022000000000001
-0.10044000000000002
-0.05022000000000001
-0.039420000000000004
-0.07884000000000001
-0.039420000000000004
-0.07884000000000001
-0.15768000000000001
-0.07884000000000001
-0.039420000000000004
-0.07884000000000001
-0.039420000000000004
-0.024660000000000005
-0.04932000000000001
-0.024660000000000005
-0.04932000000000001
-0.09864000000000002
-0.04932000000000001
-0.024660000000000005
-0.04932000000000001
-0.024660000000000005
-0.028619999999999993
-0.057239999999999985
-0.028619999999999993
-0.057239999999999985
-0.11447999999999997
-0.057239999999999985
-0.028619999999999993
-0.057239999999999985
-0.028619999999999993
-0.03456
-0.06912
-0.03456
-0.06912
-0.13824
-0.06912
-0.03456
-0.06912
-0.03456
-0.042839999999999996
-0.08567999999999999
-0.042839999999999996
-0.08567999999999999
-0.17135999999999998
-0.08567999999999999
-0.042839999999999996
-0.08567999999999999
-0.042839999999999996
-0.05994000000000001
-0.11988000000000001
-0.05994000000000001
-0.11988000000000001
-0.23976000000000003
-0.11988000000000001
-0.05994000000000001
-0.11988000000000001
-0.05994000000000001
-0.08028
-0.16056
-0.08028
-0.16056
-0.32112
-0.16056
-0.08028
-0.16056
-0.08028
-0.7684200000000001
-1.5368400000000002
-0.7684200000000001
-1.5368400000000002
-3.0736800000000004
-1.5368400000000002
-0.7684200000000001
-1.5368400000000002
-0.7684200000000001