99
-0.00054
-0.00108
-0.00054
-0.00108
-0.00216
-0.00108
-0.00054
-0.00108
-0.00054
-0.0014399999999999999
-0.0028799999999999997
-0.0014399999999999999
-0.0028799999999999997
-0.0057599999999999995
-0.0028799999999999997
-0.0014399999999999999
-0.0028799999999999997
-0.0014399999999999999
-0.0026999999999999997
-0.005399999999999999
-0.0026999999999999997
-0.005399999999999999
-0.010799999999999999
-0.005399999999999999
-0.0026999999999999997
-0.005399999999999999
-0.0026999999999999997
-0.0028799999999999997
-0.0057599999999999995
-0.0028799999999999997
-0.0057599999999999995
-0.011519999999999999
-0.0057599999999999995
-0.0028799999999999997
-0.0057599999999999995
-0.0028799999999999997
-0.00252
-0.00504
-0.00252
-0.00504
-0.01008
-0.00504
-0.00252
-0.00504
-0.00252
-0.0035999999999999995
-0.007199999999999999
-0.0035999999999999995
-0.007199999999999999
-0.014399999999999998
-0.007199999999999999
-0.0035999999999999995
-0.007199999999999999
-0.0035999999999999995
-0.0061200000000000004
-0.012240000000000001
-0.0061200000000000004
-0.012240000000000001
-0.024480000000000002
-0.012240000000000001
-0.0061200000000000004
-0.012240000000000001
-0.0061200000000000004
-0.01134
-0.02268
-0.01134
-0.02268
-0.04536
-0.02268
-0.01134
-0.02268
-0.01134
-0.03348
-0.06696
-0.03348
-0.06696
-0.13392
-0.06696
-0.03348
-0.06696
-0.03348
-0.1764
-0.3528
-0.1764
-0.3528
-0.7056
-0.3528
-0.1764
-0.3528
-0.1764
-0.9869399999999998
-1.9738799999999996
-0.9869399999999998
-1.9738799999999996
-3.9477599999999993
-1.9738799999999996
-0.9869399999999998
-1.9738799999999996
-0.9869399999999998