99
-0.0016199999999999997
-0.0032399999999999994
-0.0016199999999999997
-0.0032399999999999994
-0.006479999999999999
-0.0032399999999999994
-0.0016199999999999997
-0.0032399999999999994
-0.0016199999999999997
-0.0035999999999999995
-0.007199999999999999
-0.0035999999999999995
-0.007199999999999999
-0.014399999999999998
-0.007199999999999999
-0.0035999999999999995
-0.007199999999999999
-0.0035999999999999995
-0.0045000000000000005
-0.009000000000000001
-0.0045000000000000005
-0.009000000000000001
-0.018000000000000002
-0.009000000000000001
-0.0045000000000000005
-0.009000000000000001
-0.0045000000000000005
-0.0035999999999999995
-0.007199999999999999
-0.0035999999999999995
-0.007199999999999999
-0.014399999999999998
-0.007199999999999999
-0.0035999999999999995
-0.007199999999999999
-0.0035999999999999995
-0.0023400000000000005
-0.004680000000000001
-0.0023400000000000005
-0.004680000000000001
-0.009360000000000002
-0.004680000000000001
-0.0023400000000000005
-0.004680000000000001
-0.0023400000000000005
-0.0026999999999999997
-0.005399999999999999
-0.0026999999999999997
-0.005399999999999999
-0.010799999999999999
-0.005399999999999999
-0.0026999999999999997
-0.005399999999999999
-0.0026999999999999997
-0.0030600000000000002
-0.0061200000000000004
-0.0030600000000000002
-0.0061200000000000004
-0.012240000000000001
-0.0061200000000000004
-0.0030600000000000002
-0.0061200000000000004
-0.0030600000000000002
-0.0037800000000000004
-0.007560000000000001
-0.0037800000000000004
-0.007560000000000001
-0.015120000000000001
-0.007560000000000001
-0.0037800000000000004
-0.007560000000000001
-0.0037800000000000004
-0.00558
-0.01116
-0.00558
-0.01116
-0.02232
-0.01116
-0.00558
-0.01116
-0.00558
-0.007379999999999999
-0.014759999999999999
-0.007379999999999999
-0.014759999999999999
-0.029519999999999998
-0.014759999999999999
-0.007379999999999999
-0.014759999999999999
-0.007379999999999999
-0.0468
-0.0936
-0.0468
-0.0936
-0.1872
-0.0936
-0.0468
-0.0936
-0.0468