99
-0.00054
-0.00108
-0.00054
-0.00108
-0.00216
-0.00108
-0.00054
-0.00108
-0.00054
-0.0014399999999999999
-0.0028799999999999997
-0.0014399999999999999
-0.0028799999999999997
-0.0057599999999999995
-0.0028799999999999997
-0.0014399999999999999
-0.0028799999999999997
-0.0014399999999999999
-0.0025199999999999997
-0.005039999999999999
-0.0025199999999999997
-0.005039999999999999
-0.010079999999999999
-0.005039999999999999
-0.0025199999999999997
-0.005039999999999999
-0.0025199999999999997
-0.0025199999999999997
-0.005039999999999999
-0.0025199999999999997
-0.005039999999999999
-0.010079999999999999
-0.005039999999999999
-0.0025199999999999997
-0.005039999999999999
-0.0025199999999999997
-0.00216
-0.00432
-0.00216
-0.00432
-0.00864
-0.00432
-0.00216
-0.00432
-0.00216
-0.0032399999999999994
-0.006479999999999999
-0.0032399999999999994
-0.006479999999999999
-0.012959999999999998
-0.006479999999999999
-0.0032399999999999994
-0.006479999999999999
-0.0032399999999999994
-0.005399999999999999
-0.010799999999999999
-0.005399999999999999
-0.010799999999999999
-0.021599999999999998
-0.010799999999999999
-0.005399999999999999
-0.010799999999999999
-0.005399999999999999
-0.009720000000000003
-0.019440000000000006
-0.009720000000000003
-0.019440000000000006
-0.03888000000000001
-0.019440000000000006
-0.009720000000000003
-0.019440000000000006
-0.009720000000000003
-0.028079999999999997
-0.056159999999999995
-0.028079999999999997
-0.056159999999999995
-0.11231999999999999
-0.056159999999999995
-0.028079999999999997
-0.056159999999999995
-0.028079999999999997
-0.13014
-0.26028
-0.13014
-0.26028
-0.52056
-0.26028
-0.13014
-0.26028
-0.13014
-0.6811200000000001
-1.3622400000000001
-0.6811200000000001
-1.3622400000000001
-2.7244800000000002
-1.3622400000000001
-0.6811200000000001
-1.3622400000000001
-0.6811200000000001