99
-0.01116
-0.02232
-0.01116
-0.02232
-0.04464
-0.02232
-0.01116
-0.02232
-0.01116
-0.024840000000000004
-0.04968000000000001
-0.024840000000000004
-0.04968000000000001
-0.09936000000000002
-0.04968000000000001
-0.024840000000000004
-0.04968000000000001
-0.024840000000000004
-0.030600000000000002
-0.061200000000000004
-0.030600000000000002
-0.061200000000000004
-0.12240000000000001
-0.061200000000000004
-0.030600000000000002
-0.061200000000000004
-0.030600000000000002
-0.023940000000000003
-0.047880000000000006
-0.023940000000000003
-0.047880000000000006
-0.09576000000000001
-0.047880000000000006
-0.023940000000000003
-0.047880000000000006
-0.023940000000000003
-0.014939999999999998
-0.029879999999999997
-0.014939999999999998
-0.029879999999999997
-0.059759999999999994
-0.029879999999999997
-0.014939999999999998
-0.029879999999999997
-0.014939999999999998
-0.01728
-0.03456
-0.01728
-0.03456
-0.06912
-0.03456
-0.01728
-0.03456
-0.01728
-0.0207
-0.0414
-0.0207
-0.0414
-0.0828
-0.0414
-0.0207
-0.0414
-0.0207
-0.0261
-0.0522
-0.0261
-0.0522
-0.1044
-0.0522
-0.0261
-0.0522
-0.0261
-0.03708000000000001
-0.07416000000000002
-0.03708000000000001
-0.07416000000000002
-0.14832000000000004
-0.07416000000000002
-0.03708000000000001
-0.07416000000000002
-0.03708000000000001
-0.04932000000000001
-0.09864000000000002
-0.04932000000000001
-0.09864000000000002
-0.19728000000000004
-0.09864000000000002
-0.04932000000000001
-0.09864000000000002
-0.04932000000000001
-0.31572
-0.63144
-0.31572
-0.63144
-1.26288
-0.63144
-0.31572
-0.63144
-0.31572