99
-0.00054
-0.00108
-0.00054
-0.00108
-0.00216
-0.00108
-0.00054
-0.00108
-0.00054
-0.0014399999999999999
-0.0028799999999999997
-0.0014399999999999999
-0.0028799999999999997
-0.0057599999999999995
-0.0028799999999999997
-0.0014399999999999999
-0.0028799999999999997
-0.0014399999999999999
-0.0025199999999999997
-0.005039999999999999
-0.0025199999999999997
-0.005039999999999999
-0.010079999999999999
-0.005039999999999999
-0.0025199999999999997
-0.005039999999999999
-0.0025199999999999997
-0.0025199999999999997
-0.005039999999999999
-0.0025199999999999997
-0.005039999999999999
-0.010079999999999999
-0.005039999999999999
-0.0025199999999999997
-0.005039999999999999
-0.0025199999999999997
-0.0023400000000000005
-0.004680000000000001
-0.0023400000000000005
-0.004680000000000001
-0.009360000000000002
-0.004680000000000001
-0.0023400000000000005
-0.004680000000000001
-0.0023400000000000005
-0.00342
-0.00684
-0.00342
-0.00684
-0.01368
-0.00684
-0.00342
-0.00684
-0.00342
-0.00558
-0.01116
-0.00558
-0.01116
-0.02232
-0.01116
-0.00558
-0.01116
-0.00558
-0.010079999999999999
-0.020159999999999997
-0.010079999999999999
-0.020159999999999997
-0.040319999999999995
-0.020159999999999997
-0.010079999999999999
-0.020159999999999997
-0.010079999999999999
-0.03348
-0.06696
-0.03348
-0.06696
-0.13392
-0.06696
-0.03348
-0.06696
-0.03348
-0.20987999999999998
-0.41975999999999997
-0.20987999999999998
-0.41975999999999997
-0.8395199999999999
-0.41975999999999997
-0.20987999999999998
-0.41975999999999997
-0.20987999999999998
-1.33416
-2.66832
-1.33416
-2.66832
-5.33664
-2.66832
-1.33416
-2.66832
-1.33416