99
-0.006479999999999999
-0.012959999999999998
-0.006479999999999999
-0.012959999999999998
-0.025919999999999995
-0.012959999999999998
-0.006479999999999999
-0.012959999999999998
-0.006479999999999999
-0.014219999999999997
-0.028439999999999993
-0.014219999999999997
-0.028439999999999993
-0.056879999999999986
-0.028439999999999993
-0.014219999999999997
-0.028439999999999993
-0.014219999999999997
-0.0171
-0.0342
-0.0171
-0.0342
-0.0684
-0.0342
-0.0171
-0.0342
-0.0171
-0.012959999999999998
-0.025919999999999995
-0.012959999999999998
-0.025919999999999995
-0.05183999999999999
-0.025919999999999995
-0.012959999999999998
-0.025919999999999995
-0.012959999999999998
-0.007560000000000001
-0.015120000000000001
-0.007560000000000001
-0.015120000000000001
-0.030240000000000003
-0.015120000000000001
-0.007560000000000001
-0.015120000000000001
-0.007560000000000001
-0.00846
-0.01692
-0.00846
-0.01692
-0.03384
-0.01692
-0.00846
-0.01692
-0.00846
-0.0099
-0.0198
-0.0099
-0.0198
-0.0396
-0.0198
-0.0099
-0.0198
-0.0099
-0.011519999999999999
-0.023039999999999998
-0.011519999999999999
-0.023039999999999998
-0.046079999999999996
-0.023039999999999998
-0.011519999999999999
-0.023039999999999998
-0.011519999999999999
-0.01764
-0.03528
-0.01764
-0.03528
-0.07056
-0.03528
-0.01764
-0.03528
-0.01764
-0.026280000000000005
-0.05256000000000001
-0.026280000000000005
-0.05256000000000001
-0.10512000000000002
-0.05256000000000001
-0.026280000000000005
-0.05256000000000001
-0.026280000000000005
-0.33624
-0.67248
-0.33624
-0.67248
-1.34496
-0.67248
-0.33624
-0.67248
-0.33624