99
-0.0032399999999999994
-0.006479999999999999
-0.0032399999999999994
-0.006479999999999999
-0.012959999999999998
-0.006479999999999999
-0.0032399999999999994
-0.006479999999999999
-0.0032399999999999994
-0.007019999999999999
-0.014039999999999999
-0.007019999999999999
-0.014039999999999999
-0.028079999999999997
-0.014039999999999999
-0.007019999999999999
-0.014039999999999999
-0.007019999999999999
-0.00846
-0.01692
-0.00846
-0.01692
-0.03384
-0.01692
-0.00846
-0.01692
-0.00846
-0.006479999999999999
-0.012959999999999998
-0.006479999999999999
-0.012959999999999998
-0.025919999999999995
-0.012959999999999998
-0.006479999999999999
-0.012959999999999998
-0.006479999999999999
-0.0037800000000000004
-0.007560000000000001
-0.0037800000000000004
-0.007560000000000001
-0.015120000000000001
-0.007560000000000001
-0.0037800000000000004
-0.007560000000000001
-0.0037800000000000004
-0.00432
-0.00864
-0.00432
-0.00864
-0.01728
-0.00864
-0.00432
-0.00864
-0.00432
-0.005399999999999999
-0.010799999999999999
-0.005399999999999999
-0.010799999999999999
-0.021599999999999998
-0.010799999999999999
-0.005399999999999999
-0.010799999999999999
-0.005399999999999999
-0.006840000000000001
-0.013680000000000001
-0.006840000000000001
-0.013680000000000001
-0.027360000000000002
-0.013680000000000001
-0.006840000000000001
-0.013680000000000001
-0.006840000000000001
-0.010080000000000002
-0.020160000000000004
-0.010080000000000002
-0.020160000000000004
-0.04032000000000001
-0.020160000000000004
-0.010080000000000002
-0.020160000000000004
-0.010080000000000002
-0.014219999999999998
-0.028439999999999997
-0.014219999999999998
-0.028439999999999997
-0.05687999999999999
-0.028439999999999997
-0.014219999999999998
-0.028439999999999997
-0.014219999999999998
-0.17892000000000002
-0.35784000000000005
-0.17892000000000002
-0.35784000000000005
-0.7156800000000001
-0.35784000000000005
-0.17892000000000002
-0.35784000000000005
-0.17892000000000002