99
-0.0014399999999999999
-0.0028799999999999997
-0.0014399999999999999
-0.0028799999999999997
-0.0057599999999999995
-0.0028799999999999997
-0.0014399999999999999
-0.0028799999999999997
-0.0014399999999999999
-0.0032400000000000003
-0.0064800000000000005
-0.0032400000000000003
-0.0064800000000000005
-0.012960000000000001
-0.0064800000000000005
-0.0032400000000000003
-0.0064800000000000005
-0.0032400000000000003
-0.00396
-0.00792
-0.00396
-0.00792
-0.01584
-0.00792
-0.00396
-0.00792
-0.00396
-0.0030600000000000002
-0.0061200000000000004
-0.0030600000000000002
-0.0061200000000000004
-0.012240000000000001
-0.0061200000000000004
-0.0030600000000000002
-0.0061200000000000004
-0.0030600000000000002
-0.00198
-0.00396
-0.00198
-0.00396
-0.00792
-0.00396
-0.00198
-0.00396
-0.00198
-0.00216
-0.00432
-0.00216
-0.00432
-0.00864
-0.00432
-0.00216
-0.00432
-0.00216
-0.00252
-0.00504
-0.00252
-0.00504
-0.01008
-0.00504
-0.00252
-0.00504
-0.00252
-0.0035999999999999995
-0.007199999999999999
-0.0035999999999999995
-0.007199999999999999
-0.014399999999999998
-0.007199999999999999
-0.0035999999999999995
-0.007199999999999999
-0.0035999999999999995
-0.005220000000000001
-0.010440000000000001
-0.005220000000000001
-0.010440000000000001
-0.020880000000000003
-0.010440000000000001
-0.005220000000000001
-0.010440000000000001
-0.005220000000000001
-0.006840000000000001
-0.013680000000000001
-0.006840000000000001
-0.013680000000000001
-0.027360000000000002
-0.013680000000000001
-0.006840000000000001
-0.013680000000000001
-0.006840000000000001
-0.08730000000000002
-0.17460000000000003
-0.08730000000000002
-0.17460000000000003
-0.34920000000000007
-0.17460000000000003
-0.08730000000000002
-0.17460000000000003
-0.08730000000000002