99
-0.0061200000000000004
-0.012240000000000001
-0.0061200000000000004
-0.012240000000000001
-0.024480000000000002
-0.012240000000000001
-0.0061200000000000004
-0.012240000000000001
-0.0061200000000000004
-0.013320000000000002
-0.026640000000000004
-0.013320000000000002
-0.026640000000000004
-0.05328000000000001
-0.026640000000000004
-0.013320000000000002
-0.026640000000000004
-0.013320000000000002
-0.01602
-0.03204
-0.01602
-0.03204
-0.06408
-0.03204
-0.01602
-0.03204
-0.01602
-0.012600000000000002
-0.025200000000000004
-0.012600000000000002
-0.025200000000000004
-0.05040000000000001
-0.025200000000000004
-0.012600000000000002
-0.025200000000000004
-0.012600000000000002
-0.008280000000000001
-0.016560000000000002
-0.008280000000000001
-0.016560000000000002
-0.033120000000000004
-0.016560000000000002
-0.008280000000000001
-0.016560000000000002
-0.008280000000000001
-0.0099
-0.0198
-0.0099
-0.0198
-0.0396
-0.0198
-0.0099
-0.0198
-0.0099
-0.01188
-0.02376
-0.01188
-0.02376
-0.04752
-0.02376
-0.01188
-0.02376
-0.01188
-0.014759999999999999
-0.029519999999999998
-0.014759999999999999
-0.029519999999999998
-0.059039999999999995
-0.029519999999999998
-0.014759999999999999
-0.029519999999999998
-0.014759999999999999
-0.020520000000000004
-0.04104000000000001
-0.020520000000000004
-0.04104000000000001
-0.08208000000000001
-0.04104000000000001
-0.020520000000000004
-0.04104000000000001
-0.020520000000000004
-0.027180000000000003
-0.054360000000000006
-0.027180000000000003
-0.054360000000000006
-0.10872000000000001
-0.054360000000000006
-0.027180000000000003
-0.054360000000000006
-0.027180000000000003
-0.34865999999999997
-0.6973199999999999
-0.34865999999999997
-0.6973199999999999
-1.3946399999999999
-0.6973199999999999
-0.34865999999999997
-0.6973199999999999
-0.34865999999999997