99
-0.00396
-0.00792
-0.00396
-0.00792
-0.01584
-0.00792
-0.00396
-0.00792
-0.00396
-0.00864
-0.01728
-0.00864
-0.01728
-0.03456
-0.01728
-0.00864
-0.01728
-0.00864
-0.01062
-0.02124
-0.01062
-0.02124
-0.04248
-0.02124
-0.01062
-0.02124
-0.01062
-0.008280000000000001
-0.016560000000000002
-0.008280000000000001
-0.016560000000000002
-0.033120000000000004
-0.016560000000000002
-0.008280000000000001
-0.016560000000000002
-0.008280000000000001
-0.005039999999999999
-0.010079999999999999
-0.005039999999999999
-0.010079999999999999
-0.020159999999999997
-0.010079999999999999
-0.005039999999999999
-0.010079999999999999
-0.005039999999999999
-0.00594
-0.01188
-0.00594
-0.01188
-0.02376
-0.01188
-0.00594
-0.01188
-0.00594
-0.007560000000000001
-0.015120000000000001
-0.007560000000000001
-0.015120000000000001
-0.030240000000000003
-0.015120000000000001
-0.007560000000000001
-0.015120000000000001
-0.007560000000000001
-0.01008
-0.02016
-0.01008
-0.02016
-0.04032
-0.02016
-0.01008
-0.02016
-0.01008
-0.01458
-0.02916
-0.01458
-0.02916
-0.05832
-0.02916
-0.01458
-0.02916
-0.01458
-0.01998
-0.03996
-0.01998
-0.03996
-0.07992
-0.03996
-0.01998
-0.03996
-0.01998
-0.11735999999999999
-0.23471999999999998
-0.11735999999999999
-0.23471999999999998
-0.46943999999999997
-0.23471999999999998
-0.11735999999999999
-0.23471999999999998
-0.11735999999999999