99
-0.031139999999999994
-0.06227999999999999
-0.031139999999999994
-0.06227999999999999
-0.12455999999999998
-0.06227999999999999
-0.031139999999999994
-0.06227999999999999
-0.031139999999999994
-0.06803999999999999
-0.13607999999999998
-0.06803999999999999
-0.13607999999999998
-0.27215999999999996
-0.13607999999999998
-0.06803999999999999
-0.13607999999999998
-0.06803999999999999
-0.08298
-0.16596
-0.08298
-0.16596
-0.33192
-0.16596
-0.08298
-0.16596
-0.08298
-0.06498000000000001
-0.12996000000000002
-0.06498000000000001
-0.12996000000000002
-0.25992000000000004
-0.12996000000000002
-0.06498000000000001
-0.12996000000000002
-0.06498000000000001
-0.040679999999999994
-0.08135999999999999
-0.040679999999999994
-0.08135999999999999
-0.16271999999999998
-0.08135999999999999
-0.040679999999999994
-0.08135999999999999
-0.040679999999999994
-0.04716
-0.09432
-0.04716
-0.09432
-0.18864
-0.09432
-0.04716
-0.09432
-0.04716
-0.05633999999999999
-0.11267999999999997
-0.05633999999999999
-0.11267999999999997
-0.22535999999999995
-0.11267999999999997
-0.05633999999999999
-0.11267999999999997
-0.05633999999999999
-0.0684
-0.1368
-0.0684
-0.1368
-0.2736
-0.1368
-0.0684
-0.1368
-0.0684
-0.09450000000000001
-0.18900000000000003
-0.09450000000000001
-0.18900000000000003
-0.37800000000000006
-0.18900000000000003
-0.09450000000000001
-0.18900000000000003
-0.09450000000000001
-0.12582000000000002
-0.25164000000000003
-0.12582000000000002
-0.25164000000000003
-0.5032800000000001
-0.25164000000000003
-0.12582000000000002
-0.25164000000000003
-0.12582000000000002
-1.69848
-3.39696
-1.69848
-3.39696
-6.79392
-3.39696
-1.69848
-3.39696
-1.69848