99
-0.00054
-0.00108
-0.00054
-0.00108
-0.00216
-0.00108
-0.00054
-0.00108
-0.00054
-0.0014399999999999999
-0.0028799999999999997
-0.0014399999999999999
-0.0028799999999999997
-0.0057599999999999995
-0.0028799999999999997
-0.0014399999999999999
-0.0028799999999999997
-0.0014399999999999999
-0.0026999999999999997
-0.005399999999999999
-0.0026999999999999997
-0.005399999999999999
-0.010799999999999999
-0.005399999999999999
-0.0026999999999999997
-0.005399999999999999
-0.0026999999999999997
-0.0026999999999999997
-0.005399999999999999
-0.0026999999999999997
-0.005399999999999999
-0.010799999999999999
-0.005399999999999999
-0.0026999999999999997
-0.005399999999999999
-0.0026999999999999997
-0.0023400000000000005
-0.004680000000000001
-0.0023400000000000005
-0.004680000000000001
-0.009360000000000002
-0.004680000000000001
-0.0023400000000000005
-0.004680000000000001
-0.0023400000000000005
-0.0035999999999999995
-0.007199999999999999
-0.0035999999999999995
-0.007199999999999999
-0.014399999999999998
-0.007199999999999999
-0.0035999999999999995
-0.007199999999999999
-0.0035999999999999995
-0.00594
-0.01188
-0.00594
-0.01188
-0.02376
-0.01188
-0.00594
-0.01188
-0.00594
-0.010799999999999999
-0.021599999999999998
-0.010799999999999999
-0.021599999999999998
-0.043199999999999995
-0.021599999999999998
-0.010799999999999999
-0.021599999999999998
-0.010799999999999999
-0.03132
-0.06264
-0.03132
-0.06264
-0.12528
-0.06264
-0.03132
-0.06264
-0.03132
-0.17226
-0.34452
-0.17226
-0.34452
-0.68904
-0.34452
-0.17226
-0.34452
-0.17226
-1.4893199999999998
-2.9786399999999995
-1.4893199999999998
-2.9786399999999995
-5.957279999999999
-2.9786399999999995
-1.4893199999999998
-2.9786399999999995
-1.4893199999999998