99
-0.00054
-0.00108
-0.00054
-0.00108
-0.00216
-0.00108
-0.00054
-0.00108
-0.00054
-0.0014399999999999999
-0.0028799999999999997
-0.0014399999999999999
-0.0028799999999999997
-0.0057599999999999995
-0.0028799999999999997
-0.0014399999999999999
-0.0028799999999999997
-0.0014399999999999999
-0.0025199999999999997
-0.005039999999999999
-0.0025199999999999997
-0.005039999999999999
-0.010079999999999999
-0.005039999999999999
-0.0025199999999999997
-0.005039999999999999
-0.0025199999999999997
-0.0025199999999999997
-0.005039999999999999
-0.0025199999999999997
-0.005039999999999999
-0.010079999999999999
-0.005039999999999999
-0.0025199999999999997
-0.005039999999999999
-0.0025199999999999997
-0.00216
-0.00432
-0.00216
-0.00432
-0.00864
-0.00432
-0.00216
-0.00432
-0.00216
-0.0032399999999999994
-0.006479999999999999
-0.0032399999999999994
-0.006479999999999999
-0.012959999999999998
-0.006479999999999999
-0.0032399999999999994
-0.006479999999999999
-0.0032399999999999994
-0.005399999999999999
-0.010799999999999999
-0.005399999999999999
-0.010799999999999999
-0.021599999999999998
-0.010799999999999999
-0.005399999999999999
-0.010799999999999999
-0.005399999999999999
-0.009360000000000002
-0.018720000000000004
-0.009360000000000002
-0.018720000000000004
-0.03744000000000001
-0.018720000000000004
-0.009360000000000002
-0.018720000000000004
-0.009360000000000002
-0.024840000000000004
-0.04968000000000001
-0.024840000000000004
-0.04968000000000001
-0.09936000000000002
-0.04968000000000001
-0.024840000000000004
-0.04968000000000001
-0.024840000000000004
-0.13068000000000002
-0.26136000000000004
-0.13068000000000002
-0.26136000000000004
-0.5227200000000001
-0.26136000000000004
-0.13068000000000002
-0.26136000000000004
-0.13068000000000002
-2.1133800000000003
-4.2267600000000005
-2.1133800000000003
-4.2267600000000005
-8.453520000000001
-4.2267600000000005
-2.1133800000000003
-4.2267600000000005
-2.1133800000000003