99
-0.00054
-0.00108
-0.00054
-0.00108
-0.00216
-0.00108
-0.00054
-0.00108
-0.00054
-0.0014399999999999999
-0.0028799999999999997
-0.0014399999999999999
-0.0028799999999999997
-0.0057599999999999995
-0.0028799999999999997
-0.0014399999999999999
-0.0028799999999999997
-0.0014399999999999999
-0.0025199999999999997
-0.005039999999999999
-0.0025199999999999997
-0.005039999999999999
-0.010079999999999999
-0.005039999999999999
-0.0025199999999999997
-0.005039999999999999
-0.0025199999999999997
-0.0025199999999999997
-0.005039999999999999
-0.0025199999999999997
-0.005039999999999999
-0.010079999999999999
-0.005039999999999999
-0.0025199999999999997
-0.005039999999999999
-0.0025199999999999997
-0.00216
-0.00432
-0.00216
-0.00432
-0.00864
-0.00432
-0.00216
-0.00432
-0.00216
-0.0030600000000000002
-0.0061200000000000004
-0.0030600000000000002
-0.0061200000000000004
-0.012240000000000001
-0.0061200000000000004
-0.0030600000000000002
-0.0061200000000000004
-0.0030600000000000002
-0.0048600000000000015
-0.009720000000000003
-0.0048600000000000015
-0.009720000000000003
-0.019440000000000006
-0.009720000000000003
-0.0048600000000000015
-0.009720000000000003
-0.0048600000000000015
-0.00792
-0.01584
-0.00792
-0.01584
-0.03168
-0.01584
-0.00792
-0.01584
-0.00792
-0.019440000000000002
-0.038880000000000005
-0.019440000000000002
-0.038880000000000005
-0.07776000000000001
-0.038880000000000005
-0.019440000000000002
-0.038880000000000005
-0.019440000000000002
-0.06966
-0.13932
-0.06966
-0.13932
-0.27864
-0.13932
-0.06966
-0.13932
-0.06966
-1.12356
-2.24712
-1.12356
-2.24712
-4.49424
-2.24712
-1.12356
-2.24712
-1.12356