99
-0.00504
-0.01008
-0.00504
-0.01008
-0.02016
-0.01008
-0.00504
-0.01008
-0.00504
-0.010799999999999999
-0.021599999999999998
-0.010799999999999999
-0.021599999999999998
-0.043199999999999995
-0.021599999999999998
-0.010799999999999999
-0.021599999999999998
-0.010799999999999999
-0.012960000000000001
-0.025920000000000002
-0.012960000000000001
-0.025920000000000002
-0.051840000000000004
-0.025920000000000002
-0.012960000000000001
-0.025920000000000002
-0.012960000000000001
-0.010260000000000002
-0.020520000000000004
-0.010260000000000002
-0.020520000000000004
-0.04104000000000001
-0.020520000000000004
-0.010260000000000002
-0.020520000000000004
-0.010260000000000002
-0.0064800000000000005
-0.012960000000000001
-0.0064800000000000005
-0.012960000000000001
-0.025920000000000002
-0.012960000000000001
-0.0064800000000000005
-0.012960000000000001
-0.0064800000000000005
-0.007379999999999999
-0.014759999999999999
-0.007379999999999999
-0.014759999999999999
-0.029519999999999998
-0.014759999999999999
-0.007379999999999999
-0.014759999999999999
-0.007379999999999999
-0.00882
-0.01764
-0.00882
-0.01764
-0.03528
-0.01764
-0.00882
-0.01764
-0.00882
-0.010799999999999999
-0.021599999999999998
-0.010799999999999999
-0.021599999999999998
-0.043199999999999995
-0.021599999999999998
-0.010799999999999999
-0.021599999999999998
-0.010799999999999999
-0.01476
-0.02952
-0.01476
-0.02952
-0.05904
-0.02952
-0.01476
-0.02952
-0.01476
-0.0198
-0.0396
-0.0198
-0.0396
-0.0792
-0.0396
-0.0198
-0.0396
-0.0198
-0.13302000000000003
-0.26604000000000005
-0.13302000000000003
-0.26604000000000005
-0.5320800000000001
-0.26604000000000005
-0.13302000000000003
-0.26604000000000005
-0.13302000000000003