99
-0.00234
-0.00468
-0.00234
-0.00468
-0.00936
-0.00468
-0.00234
-0.00468
-0.00234
-0.005039999999999999
-0.010079999999999999
-0.005039999999999999
-0.010079999999999999
-0.020159999999999997
-0.010079999999999999
-0.005039999999999999
-0.010079999999999999
-0.005039999999999999
-0.00594
-0.01188
-0.00594
-0.01188
-0.02376
-0.01188
-0.00594
-0.01188
-0.00594
-0.00468
-0.00936
-0.00468
-0.00936
-0.01872
-0.00936
-0.00468
-0.00936
-0.00468
-0.0030600000000000002
-0.0061200000000000004
-0.0030600000000000002
-0.0061200000000000004
-0.012240000000000001
-0.0061200000000000004
-0.0030600000000000002
-0.0061200000000000004
-0.0030600000000000002
-0.00342
-0.00684
-0.00342
-0.00684
-0.01368
-0.00684
-0.00342
-0.00684
-0.00342
-0.0041400000000000005
-0.008280000000000001
-0.0041400000000000005
-0.008280000000000001
-0.016560000000000002
-0.008280000000000001
-0.0041400000000000005
-0.008280000000000001
-0.0041400000000000005
-0.005039999999999999
-0.010079999999999999
-0.005039999999999999
-0.010079999999999999
-0.020159999999999997
-0.010079999999999999
-0.005039999999999999
-0.010079999999999999
-0.005039999999999999
-0.00684
-0.01368
-0.00684
-0.01368
-0.02736
-0.01368
-0.00684
-0.01368
-0.00684
-0.009360000000000002
-0.018720000000000004
-0.009360000000000002
-0.018720000000000004
-0.03744000000000001
-0.018720000000000004
-0.009360000000000002
-0.018720000000000004
-0.009360000000000002
-0.06174000000000001
-0.12348000000000002
-0.06174000000000001
-0.12348000000000002
-0.24696000000000004
-0.12348000000000002
-0.06174000000000001
-0.12348000000000002
-0.06174000000000001