99
-0.00054
-0.00108
-0.00054
-0.00108
-0.00216
-0.00108
-0.00054
-0.00108
-0.00054
-0.0014399999999999999
-0.0028799999999999997
-0.0014399999999999999
-0.0028799999999999997
-0.0057599999999999995
-0.0028799999999999997
-0.0014399999999999999
-0.0028799999999999997
-0.0014399999999999999
-0.0023400000000000005
-0.004680000000000001
-0.0023400000000000005
-0.004680000000000001
-0.009360000000000002
-0.004680000000000001
-0.0023400000000000005
-0.004680000000000001
-0.0023400000000000005
-0.00216
-0.00432
-0.00216
-0.00432
-0.00864
-0.00432
-0.00216
-0.00432
-0.00216
-0.0016200000000000001
-0.0032400000000000003
-0.0016200000000000001
-0.0032400000000000003
-0.0064800000000000005
-0.0032400000000000003
-0.0016200000000000001
-0.0032400000000000003
-0.0016200000000000001
-0.0023400000000000005
-0.004680000000000001
-0.0023400000000000005
-0.004680000000000001
-0.009360000000000002
-0.004680000000000001
-0.0023400000000000005
-0.004680000000000001
-0.0023400000000000005
-0.00396
-0.00792
-0.00396
-0.00792
-0.01584
-0.00792
-0.00396
-0.00792
-0.00396
-0.0061200000000000004
-0.012240000000000001
-0.0061200000000000004
-0.012240000000000001
-0.024480000000000002
-0.012240000000000001
-0.0061200000000000004
-0.012240000000000001
-0.0061200000000000004
-0.01494
-0.02988
-0.01494
-0.02988
-0.05976
-0.02988
-0.01494
-0.02988
-0.01494
-0.09144
-0.18288
-0.09144
-0.18288
-0.36576
-0.18288
-0.09144
-0.18288
-0.09144
-1.44918
-2.89836
-1.44918
-2.89836
-5.79672
-2.89836
-1.44918
-2.89836
-1.44918