99
-0.00054
-0.00108
-0.00054
-0.00108
-0.00216
-0.00108
-0.00054
-0.00108
-0.00054
-0.00126
-0.00252
-0.00126
-0.00252
-0.00504
-0.00252
-0.00126
-0.00252
-0.00126
-0.00198
-0.00396
-0.00198
-0.00396
-0.00792
-0.00396
-0.00198
-0.00396
-0.00198
-0.00198
-0.00396
-0.00198
-0.00396
-0.00792
-0.00396
-0.00198
-0.00396
-0.00198
-0.0016200000000000001
-0.0032400000000000003
-0.0016200000000000001
-0.0032400000000000003
-0.0064800000000000005
-0.0032400000000000003
-0.0016200000000000001
-0.0032400000000000003
-0.0016200000000000001
-0.0023400000000000005
-0.004680000000000001
-0.0023400000000000005
-0.004680000000000001
-0.009360000000000002
-0.004680000000000001
-0.0023400000000000005
-0.004680000000000001
-0.0023400000000000005
-0.0037800000000000004
-0.007560000000000001
-0.0037800000000000004
-0.007560000000000001
-0.015120000000000001
-0.007560000000000001
-0.0037800000000000004
-0.007560000000000001
-0.0037800000000000004
-0.00558
-0.01116
-0.00558
-0.01116
-0.02232
-0.01116
-0.00558
-0.01116
-0.00558
-0.012779999999999998
-0.025559999999999996
-0.012779999999999998
-0.025559999999999996
-0.05111999999999999
-0.025559999999999996
-0.012779999999999998
-0.025559999999999996
-0.012779999999999998
-0.06408
-0.12816
-0.06408
-0.12816
-0.25632
-0.12816
-0.06408
-0.12816
-0.06408
-1.0197
-2.0394
-1.0197
-2.0394
-4.0788
-2.0394
-1.0197
-2.0394
-1.0197