99
-0.00054
-0.00108
-0.00054
-0.00108
-0.00216
-0.00108
-0.00054
-0.00108
-0.00054
-0.00126
-0.00252
-0.00126
-0.00252
-0.00504
-0.00252
-0.00126
-0.00252
-0.00126
-0.00198
-0.00396
-0.00198
-0.00396
-0.00792
-0.00396
-0.00198
-0.00396
-0.00198
-0.00198
-0.00396
-0.00198
-0.00396
-0.00792
-0.00396
-0.00198
-0.00396
-0.00198
-0.0016200000000000001
-0.0032400000000000003
-0.0016200000000000001
-0.0032400000000000003
-0.0064800000000000005
-0.0032400000000000003
-0.0016200000000000001
-0.0032400000000000003
-0.0016200000000000001
-0.00216
-0.00432
-0.00216
-0.00432
-0.00864
-0.00432
-0.00216
-0.00432
-0.00216
-0.0035999999999999995
-0.007199999999999999
-0.0035999999999999995
-0.007199999999999999
-0.014399999999999998
-0.007199999999999999
-0.0035999999999999995
-0.007199999999999999
-0.0035999999999999995
-0.00558
-0.01116
-0.00558
-0.01116
-0.02232
-0.01116
-0.00558
-0.01116
-0.00558
-0.012779999999999998
-0.025559999999999996
-0.012779999999999998
-0.025559999999999996
-0.05111999999999999
-0.025559999999999996
-0.012779999999999998
-0.025559999999999996
-0.012779999999999998
-0.05904
-0.11808
-0.05904
-0.11808
-0.23616
-0.11808
-0.05904
-0.11808
-0.05904
-1.7721000000000002
-3.5442000000000005
-1.7721000000000002
-3.5442000000000005
-7.088400000000001
-3.5442000000000005
-1.7721000000000002
-3.5442000000000005
-1.7721000000000002