99
-0.00432
-0.00864
-0.00432
-0.00864
-0.01728
-0.00864
-0.00432
-0.00864
-0.00432
-0.009540000000000003
-0.019080000000000007
-0.009540000000000003
-0.019080000000000007
-0.03816000000000001
-0.019080000000000007
-0.009540000000000003
-0.019080000000000007
-0.009540000000000003
-0.0117
-0.0234
-0.0117
-0.0234
-0.0468
-0.0234
-0.0117
-0.0234
-0.0117
-0.009179999999999999
-0.018359999999999998
-0.009179999999999999
-0.018359999999999998
-0.036719999999999996
-0.018359999999999998
-0.009179999999999999
-0.018359999999999998
-0.009179999999999999
-0.0057599999999999995
-0.011519999999999999
-0.0057599999999999995
-0.011519999999999999
-0.023039999999999998
-0.011519999999999999
-0.0057599999999999995
-0.011519999999999999
-0.0057599999999999995
-0.006660000000000001
-0.013320000000000002
-0.006660000000000001
-0.013320000000000002
-0.026640000000000004
-0.013320000000000002
-0.006660000000000001
-0.013320000000000002
-0.006660000000000001
-0.00792
-0.01584
-0.00792
-0.01584
-0.03168
-0.01584
-0.00792
-0.01584
-0.00792
-0.009540000000000003
-0.019080000000000007
-0.009540000000000003
-0.019080000000000007
-0.03816000000000001
-0.019080000000000007
-0.009540000000000003
-0.019080000000000007
-0.009540000000000003
-0.013319999999999999
-0.026639999999999997
-0.013319999999999999
-0.026639999999999997
-0.053279999999999994
-0.026639999999999997
-0.013319999999999999
-0.026639999999999997
-0.013319999999999999
-0.01872
-0.03744
-0.01872
-0.03744
-0.07488
-0.03744
-0.01872
-0.03744
-0.01872
-0.12294000000000002
-0.24588000000000004
-0.12294000000000002
-0.24588000000000004
-0.4917600000000001
-0.24588000000000004
-0.12294000000000002
-0.24588000000000004
-0.12294000000000002