99
-0.00342
-0.00684
-0.00342
-0.00684
-0.01368
-0.00684
-0.00342
-0.00684
-0.00342
-0.007379999999999999
-0.014759999999999999
-0.007379999999999999
-0.014759999999999999
-0.029519999999999998
-0.014759999999999999
-0.007379999999999999
-0.014759999999999999
-0.007379999999999999
-0.009000000000000001
-0.018000000000000002
-0.009000000000000001
-0.018000000000000002
-0.036000000000000004
-0.018000000000000002
-0.009000000000000001
-0.018000000000000002
-0.009000000000000001
-0.007199999999999999
-0.014399999999999998
-0.007199999999999999
-0.014399999999999998
-0.028799999999999996
-0.014399999999999998
-0.007199999999999999
-0.014399999999999998
-0.007199999999999999
-0.0045000000000000005
-0.009000000000000001
-0.0045000000000000005
-0.009000000000000001
-0.018000000000000002
-0.009000000000000001
-0.0045000000000000005
-0.009000000000000001
-0.0045000000000000005
-0.005039999999999999
-0.010079999999999999
-0.005039999999999999
-0.010079999999999999
-0.020159999999999997
-0.010079999999999999
-0.005039999999999999
-0.010079999999999999
-0.005039999999999999
-0.0061200000000000004
-0.012240000000000001
-0.0061200000000000004
-0.012240000000000001
-0.024480000000000002
-0.012240000000000001
-0.0061200000000000004
-0.012240000000000001
-0.0061200000000000004
-0.007560000000000001
-0.015120000000000001
-0.007560000000000001
-0.015120000000000001
-0.030240000000000003
-0.015120000000000001
-0.007560000000000001
-0.015120000000000001
-0.007560000000000001
-0.01062
-0.02124
-0.01062
-0.02124
-0.04248
-0.02124
-0.01062
-0.02124
-0.01062
-0.014579999999999997
-0.029159999999999995
-0.014579999999999997
-0.029159999999999995
-0.05831999999999999
-0.029159999999999995
-0.014579999999999997
-0.029159999999999995
-0.014579999999999997
-0.09594000000000001
-0.19188000000000002
-0.09594000000000001
-0.19188000000000002
-0.38376000000000005
-0.19188000000000002
-0.09594000000000001
-0.19188000000000002
-0.09594000000000001