99
-0.00846
-0.01692
-0.00846
-0.01692
-0.03384
-0.01692
-0.00846
-0.01692
-0.00846
-0.01836
-0.03672
-0.01836
-0.03672
-0.07344
-0.03672
-0.01836
-0.03672
-0.01836
-0.02232
-0.04464
-0.02232
-0.04464
-0.08928
-0.04464
-0.02232
-0.04464
-0.02232
-0.01746
-0.03492
-0.01746
-0.03492
-0.06984
-0.03492
-0.01746
-0.03492
-0.01746
-0.010799999999999999
-0.021599999999999998
-0.010799999999999999
-0.021599999999999998
-0.043199999999999995
-0.021599999999999998
-0.010799999999999999
-0.021599999999999998
-0.010799999999999999
-0.012600000000000002
-0.025200000000000004
-0.012600000000000002
-0.025200000000000004
-0.05040000000000001
-0.025200000000000004
-0.012600000000000002
-0.025200000000000004
-0.012600000000000002
-0.016380000000000002
-0.032760000000000004
-0.016380000000000002
-0.032760000000000004
-0.06552000000000001
-0.032760000000000004
-0.016380000000000002
-0.032760000000000004
-0.016380000000000002
-0.021599999999999998
-0.043199999999999995
-0.021599999999999998
-0.043199999999999995
-0.08639999999999999
-0.043199999999999995
-0.021599999999999998
-0.043199999999999995
-0.021599999999999998
-0.030779999999999995
-0.06155999999999999
-0.030779999999999995
-0.06155999999999999
-0.12311999999999998
-0.06155999999999999
-0.030779999999999995
-0.06155999999999999
-0.030779999999999995
-0.04266
-0.08532
-0.04266
-0.08532
-0.17064
-0.08532
-0.04266
-0.08532
-0.04266
-0.24894
-0.49788
-0.24894
-0.49788
-0.99576
-0.49788
-0.24894
-0.49788
-0.24894