99
-0.006300000000000001
-0.012600000000000002
-0.006300000000000001
-0.012600000000000002
-0.025200000000000004
-0.012600000000000002
-0.006300000000000001
-0.012600000000000002
-0.006300000000000001
-0.013680000000000001
-0.027360000000000002
-0.013680000000000001
-0.027360000000000002
-0.054720000000000005
-0.027360000000000002
-0.013680000000000001
-0.027360000000000002
-0.013680000000000001
-0.01674
-0.03348
-0.01674
-0.03348
-0.06696
-0.03348
-0.01674
-0.03348
-0.01674
-0.013139999999999999
-0.026279999999999998
-0.013139999999999999
-0.026279999999999998
-0.052559999999999996
-0.026279999999999998
-0.013139999999999999
-0.026279999999999998
-0.013139999999999999
-0.008100000000000001
-0.016200000000000003
-0.008100000000000001
-0.016200000000000003
-0.032400000000000005
-0.016200000000000003
-0.008100000000000001
-0.016200000000000003
-0.008100000000000001
-0.009360000000000002
-0.018720000000000004
-0.009360000000000002
-0.018720000000000004
-0.03744000000000001
-0.018720000000000004
-0.009360000000000002
-0.018720000000000004
-0.009360000000000002
-0.01116
-0.02232
-0.01116
-0.02232
-0.04464
-0.02232
-0.01116
-0.02232
-0.01116
-0.013500000000000002
-0.027000000000000003
-0.013500000000000002
-0.027000000000000003
-0.054000000000000006
-0.027000000000000003
-0.013500000000000002
-0.027000000000000003
-0.013500000000000002
-0.018720000000000004
-0.03744000000000001
-0.018720000000000004
-0.03744000000000001
-0.07488000000000002
-0.03744000000000001
-0.018720000000000004
-0.03744000000000001
-0.018720000000000004
-0.025560000000000003
-0.051120000000000006
-0.025560000000000003
-0.051120000000000006
-0.10224000000000001
-0.051120000000000006
-0.025560000000000003
-0.051120000000000006
-0.025560000000000003
-0.17514000000000002
-0.35028000000000004
-0.17514000000000002
-0.35028000000000004
-0.7005600000000001
-0.35028000000000004
-0.17514000000000002
-0.35028000000000004
-0.17514000000000002