99
-0.0061200000000000004
-0.012240000000000001
-0.0061200000000000004
-0.012240000000000001
-0.024480000000000002
-0.012240000000000001
-0.0061200000000000004
-0.012240000000000001
-0.0061200000000000004
-0.013500000000000002
-0.027000000000000003
-0.013500000000000002
-0.027000000000000003
-0.054000000000000006
-0.027000000000000003
-0.013500000000000002
-0.027000000000000003
-0.013500000000000002
-0.016560000000000002
-0.033120000000000004
-0.016560000000000002
-0.033120000000000004
-0.06624000000000001
-0.033120000000000004
-0.016560000000000002
-0.033120000000000004
-0.016560000000000002
-0.012959999999999998
-0.025919999999999995
-0.012959999999999998
-0.025919999999999995
-0.05183999999999999
-0.025919999999999995
-0.012959999999999998
-0.025919999999999995
-0.012959999999999998
-0.008100000000000001
-0.016200000000000003
-0.008100000000000001
-0.016200000000000003
-0.032400000000000005
-0.016200000000000003
-0.008100000000000001
-0.016200000000000003
-0.008100000000000001
-0.009360000000000002
-0.018720000000000004
-0.009360000000000002
-0.018720000000000004
-0.03744000000000001
-0.018720000000000004
-0.009360000000000002
-0.018720000000000004
-0.009360000000000002
-0.01134
-0.02268
-0.01134
-0.02268
-0.04536
-0.02268
-0.01134
-0.02268
-0.01134
-0.013860000000000003
-0.027720000000000005
-0.013860000000000003
-0.027720000000000005
-0.05544000000000001
-0.027720000000000005
-0.013860000000000003
-0.027720000000000005
-0.013860000000000003
-0.019440000000000006
-0.03888000000000001
-0.019440000000000006
-0.03888000000000001
-0.07776000000000002
-0.03888000000000001
-0.019440000000000006
-0.03888000000000001
-0.019440000000000006
-0.026640000000000004
-0.05328000000000001
-0.026640000000000004
-0.05328000000000001
-0.10656000000000002
-0.05328000000000001
-0.026640000000000004
-0.05328000000000001
-0.026640000000000004
-0.18180000000000002
-0.36360000000000003
-0.18180000000000002
-0.36360000000000003
-0.7272000000000001
-0.36360000000000003
-0.18180000000000002
-0.36360000000000003
-0.18180000000000002