99
-0.006479999999999999
-0.012959999999999998
-0.006479999999999999
-0.012959999999999998
-0.025919999999999995
-0.012959999999999998
-0.006479999999999999
-0.012959999999999998
-0.006479999999999999
-0.014039999999999999
-0.028079999999999997
-0.014039999999999999
-0.028079999999999997
-0.056159999999999995
-0.028079999999999997
-0.014039999999999999
-0.028079999999999997
-0.014039999999999999
-0.0171
-0.0342
-0.0171
-0.0342
-0.0684
-0.0342
-0.0171
-0.0342
-0.0171
-0.013499999999999998
-0.026999999999999996
-0.013499999999999998
-0.026999999999999996
-0.05399999999999999
-0.026999999999999996
-0.013499999999999998
-0.026999999999999996
-0.013499999999999998
-0.00846
-0.01692
-0.00846
-0.01692
-0.03384
-0.01692
-0.00846
-0.01692
-0.00846
-0.009720000000000003
-0.019440000000000006
-0.009720000000000003
-0.019440000000000006
-0.03888000000000001
-0.019440000000000006
-0.009720000000000003
-0.019440000000000006
-0.009720000000000003
-0.0117
-0.0234
-0.0117
-0.0234
-0.0468
-0.0234
-0.0117
-0.0234
-0.0117
-0.014219999999999997
-0.028439999999999993
-0.014219999999999997
-0.028439999999999993
-0.056879999999999986
-0.028439999999999993
-0.014219999999999997
-0.028439999999999993
-0.014219999999999997
-0.019620000000000002
-0.039240000000000004
-0.019620000000000002
-0.039240000000000004
-0.07848000000000001
-0.039240000000000004
-0.019620000000000002
-0.039240000000000004
-0.019620000000000002
-0.026640000000000004
-0.05328000000000001
-0.026640000000000004
-0.05328000000000001
-0.10656000000000002
-0.05328000000000001
-0.026640000000000004
-0.05328000000000001
-0.026640000000000004
-0.18612
-0.37224
-0.18612
-0.37224
-0.74448
-0.37224
-0.18612
-0.37224
-0.18612