99
-0.010799999999999999
-0.021599999999999998
-0.010799999999999999
-0.021599999999999998
-0.043199999999999995
-0.021599999999999998
-0.010799999999999999
-0.021599999999999998
-0.010799999999999999
-0.02358
-0.04716
-0.02358
-0.04716
-0.09432
-0.04716
-0.02358
-0.04716
-0.02358
-0.028799999999999996
-0.05759999999999999
-0.028799999999999996
-0.05759999999999999
-0.11519999999999998
-0.05759999999999999
-0.028799999999999996
-0.05759999999999999
-0.028799999999999996
-0.0225
-0.045
-0.0225
-0.045
-0.09
-0.045
-0.0225
-0.045
-0.0225
-0.014039999999999999
-0.028079999999999997
-0.014039999999999999
-0.028079999999999997
-0.056159999999999995
-0.028079999999999997
-0.014039999999999999
-0.028079999999999997
-0.014039999999999999
-0.01746
-0.03492
-0.01746
-0.03492
-0.06984
-0.03492
-0.01746
-0.03492
-0.01746
-0.02214
-0.04428
-0.02214
-0.04428
-0.08856
-0.04428
-0.02214
-0.04428
-0.02214
-0.027180000000000003
-0.054360000000000006
-0.027180000000000003
-0.054360000000000006
-0.10872000000000001
-0.054360000000000006
-0.027180000000000003
-0.054360000000000006
-0.027180000000000003
-0.03798000000000001
-0.07596000000000001
-0.03798000000000001
-0.07596000000000001
-0.15192000000000003
-0.07596000000000001
-0.03798000000000001
-0.07596000000000001
-0.03798000000000001
-0.051840000000000004
-0.10368000000000001
-0.051840000000000004
-0.10368000000000001
-0.20736000000000002
-0.10368000000000001
-0.051840000000000004
-0.10368000000000001
-0.051840000000000004
-0.31356
-0.62712
-0.31356
-0.62712
-1.25424
-0.62712
-0.31356
-0.62712
-0.31356