99
-0.00594
-0.01188
-0.00594
-0.01188
-0.02376
-0.01188
-0.00594
-0.01188
-0.00594
-0.012960000000000001
-0.025920000000000002
-0.012960000000000001
-0.025920000000000002
-0.051840000000000004
-0.025920000000000002
-0.012960000000000001
-0.025920000000000002
-0.012960000000000001
-0.01584
-0.03168
-0.01584
-0.03168
-0.06336
-0.03168
-0.01584
-0.03168
-0.01584
-0.012420000000000002
-0.024840000000000004
-0.012420000000000002
-0.024840000000000004
-0.04968000000000001
-0.024840000000000004
-0.012420000000000002
-0.024840000000000004
-0.012420000000000002
-0.00774
-0.01548
-0.00774
-0.01548
-0.03096
-0.01548
-0.00774
-0.01548
-0.00774
-0.00882
-0.01764
-0.00882
-0.01764
-0.03528
-0.01764
-0.00882
-0.01764
-0.00882
-0.01044
-0.02088
-0.01044
-0.02088
-0.04176
-0.02088
-0.01044
-0.02088
-0.01044
-0.012780000000000001
-0.025560000000000003
-0.012780000000000001
-0.025560000000000003
-0.051120000000000006
-0.025560000000000003
-0.012780000000000001
-0.025560000000000003
-0.012780000000000001
-0.018000000000000002
-0.036000000000000004
-0.018000000000000002
-0.036000000000000004
-0.07200000000000001
-0.036000000000000004
-0.018000000000000002
-0.036000000000000004
-0.018000000000000002
-0.025380000000000003
-0.050760000000000007
-0.025380000000000003
-0.050760000000000007
-0.10152000000000001
-0.050760000000000007
-0.025380000000000003
-0.050760000000000007
-0.025380000000000003
-0.17604000000000003
-0.35208000000000006
-0.17604000000000003
-0.35208000000000006
-0.7041600000000001
-0.35208000000000006
-0.17604000000000003
-0.35208000000000006
-0.17604000000000003