99
-0.00774
-0.01548
-0.00774
-0.01548
-0.03096
-0.01548
-0.00774
-0.01548
-0.00774
-0.01692
-0.03384
-0.01692
-0.03384
-0.06768
-0.03384
-0.01692
-0.03384
-0.01692
-0.02052
-0.04104
-0.02052
-0.04104
-0.08208
-0.04104
-0.02052
-0.04104
-0.02052
-0.01602
-0.03204
-0.01602
-0.03204
-0.06408
-0.03204
-0.01602
-0.03204
-0.01602
-0.010079999999999999
-0.020159999999999997
-0.010079999999999999
-0.020159999999999997
-0.040319999999999995
-0.020159999999999997
-0.010079999999999999
-0.020159999999999997
-0.010079999999999999
-0.012600000000000002
-0.025200000000000004
-0.012600000000000002
-0.025200000000000004
-0.05040000000000001
-0.025200000000000004
-0.012600000000000002
-0.025200000000000004
-0.012600000000000002
-0.01602
-0.03204
-0.01602
-0.03204
-0.06408
-0.03204
-0.01602
-0.03204
-0.01602
-0.019440000000000002
-0.038880000000000005
-0.019440000000000002
-0.038880000000000005
-0.07776000000000001
-0.038880000000000005
-0.019440000000000002
-0.038880000000000005
-0.019440000000000002
-0.026999999999999996
-0.05399999999999999
-0.026999999999999996
-0.05399999999999999
-0.10799999999999998
-0.05399999999999999
-0.026999999999999996
-0.05399999999999999
-0.026999999999999996
-0.036899999999999995
-0.07379999999999999
-0.036899999999999995
-0.07379999999999999
-0.14759999999999998
-0.07379999999999999
-0.036899999999999995
-0.07379999999999999
-0.036899999999999995
-0.22356
-0.44712
-0.22356
-0.44712
-0.89424
-0.44712
-0.22356
-0.44712
-0.22356