99
-0.00504
-0.01008
-0.00504
-0.01008
-0.02016
-0.01008
-0.00504
-0.01008
-0.00504
-0.01098
-0.02196
-0.01098
-0.02196
-0.04392
-0.02196
-0.01098
-0.02196
-0.01098
-0.013320000000000002
-0.026640000000000004
-0.013320000000000002
-0.026640000000000004
-0.05328000000000001
-0.026640000000000004
-0.013320000000000002
-0.026640000000000004
-0.013320000000000002
-0.010440000000000001
-0.020880000000000003
-0.010440000000000001
-0.020880000000000003
-0.041760000000000005
-0.020880000000000003
-0.010440000000000001
-0.020880000000000003
-0.010440000000000001
-0.0064800000000000005
-0.012960000000000001
-0.0064800000000000005
-0.012960000000000001
-0.025920000000000002
-0.012960000000000001
-0.0064800000000000005
-0.012960000000000001
-0.0064800000000000005
-0.007379999999999999
-0.014759999999999999
-0.007379999999999999
-0.014759999999999999
-0.029519999999999998
-0.014759999999999999
-0.007379999999999999
-0.014759999999999999
-0.007379999999999999
-0.00882
-0.01764
-0.00882
-0.01764
-0.03528
-0.01764
-0.00882
-0.01764
-0.00882
-0.010799999999999999
-0.021599999999999998
-0.010799999999999999
-0.021599999999999998
-0.043199999999999995
-0.021599999999999998
-0.010799999999999999
-0.021599999999999998
-0.010799999999999999
-0.01494
-0.02988
-0.01494
-0.02988
-0.05976
-0.02988
-0.01494
-0.02988
-0.01494
-0.02034
-0.04068
-0.02034
-0.04068
-0.08136
-0.04068
-0.02034
-0.04068
-0.02034
-0.14849999999999997
-0.29699999999999993
-0.14849999999999997
-0.29699999999999993
-0.5939999999999999
-0.29699999999999993
-0.14849999999999997
-0.29699999999999993
-0.14849999999999997