99
-0.0008999999999999999
-0.0017999999999999997
-0.0008999999999999999
-0.0017999999999999997
-0.0035999999999999995
-0.0017999999999999997
-0.0008999999999999999
-0.0017999999999999997
-0.0008999999999999999
-0.00198
-0.00396
-0.00198
-0.00396
-0.00792
-0.00396
-0.00198
-0.00396
-0.00198
-0.00252
-0.00504
-0.00252
-0.00504
-0.01008
-0.00504
-0.00252
-0.00504
-0.00252
-0.00198
-0.00396
-0.00198
-0.00396
-0.00792
-0.00396
-0.00198
-0.00396
-0.00198
-0.00126
-0.00252
-0.00126
-0.00252
-0.00504
-0.00252
-0.00126
-0.00252
-0.00126
-0.0014399999999999999
-0.0028799999999999997
-0.0014399999999999999
-0.0028799999999999997
-0.0057599999999999995
-0.0028799999999999997
-0.0014399999999999999
-0.0028799999999999997
-0.0014399999999999999
-0.0016200000000000001
-0.0032400000000000003
-0.0016200000000000001
-0.0032400000000000003
-0.0064800000000000005
-0.0032400000000000003
-0.0016200000000000001
-0.0032400000000000003
-0.0016200000000000001
-0.00198
-0.00396
-0.00198
-0.00396
-0.00792
-0.00396
-0.00198
-0.00396
-0.00198
-0.0028799999999999997
-0.0057599999999999995
-0.0028799999999999997
-0.0057599999999999995
-0.011519999999999999
-0.0057599999999999995
-0.0028799999999999997
-0.0057599999999999995
-0.0028799999999999997
-0.0041400000000000005
-0.008280000000000001
-0.0041400000000000005
-0.008280000000000001
-0.016560000000000002
-0.008280000000000001
-0.0041400000000000005
-0.008280000000000001
-0.0041400000000000005
-0.02898
-0.05796
-0.02898
-0.05796
-0.11592
-0.05796
-0.02898
-0.05796
-0.02898