99
-0.0041400000000000005
-0.008280000000000001
-0.0041400000000000005
-0.008280000000000001
-0.016560000000000002
-0.008280000000000001
-0.0041400000000000005
-0.008280000000000001
-0.0041400000000000005
-0.009000000000000001
-0.018000000000000002
-0.009000000000000001
-0.018000000000000002
-0.036000000000000004
-0.018000000000000002
-0.009000000000000001
-0.018000000000000002
-0.009000000000000001
-0.01098
-0.02196
-0.01098
-0.02196
-0.04392
-0.02196
-0.01098
-0.02196
-0.01098
-0.00864
-0.01728
-0.00864
-0.01728
-0.03456
-0.01728
-0.00864
-0.01728
-0.00864
-0.005399999999999999
-0.010799999999999999
-0.005399999999999999
-0.010799999999999999
-0.021599999999999998
-0.010799999999999999
-0.005399999999999999
-0.010799999999999999
-0.005399999999999999
-0.0061200000000000004
-0.012240000000000001
-0.0061200000000000004
-0.012240000000000001
-0.024480000000000002
-0.012240000000000001
-0.0061200000000000004
-0.012240000000000001
-0.0061200000000000004
-0.007199999999999999
-0.014399999999999998
-0.007199999999999999
-0.014399999999999998
-0.028799999999999996
-0.014399999999999998
-0.007199999999999999
-0.014399999999999998
-0.007199999999999999
-0.00882
-0.01764
-0.00882
-0.01764
-0.03528
-0.01764
-0.00882
-0.01764
-0.00882
-0.012420000000000002
-0.024840000000000004
-0.012420000000000002
-0.024840000000000004
-0.04968000000000001
-0.024840000000000004
-0.012420000000000002
-0.024840000000000004
-0.012420000000000002
-0.01746
-0.03492
-0.01746
-0.03492
-0.06984
-0.03492
-0.01746
-0.03492
-0.01746
-0.12438000000000002
-0.24876000000000004
-0.12438000000000002
-0.24876000000000004
-0.4975200000000001
-0.24876000000000004
-0.12438000000000002
-0.24876000000000004
-0.12438000000000002