99
-0.00432
-0.00864
-0.00432
-0.00864
-0.01728
-0.00864
-0.00432
-0.00864
-0.00432
-0.009540000000000003
-0.019080000000000007
-0.009540000000000003
-0.019080000000000007
-0.03816000000000001
-0.019080000000000007
-0.009540000000000003
-0.019080000000000007
-0.009540000000000003
-0.0117
-0.0234
-0.0117
-0.0234
-0.0468
-0.0234
-0.0117
-0.0234
-0.0117
-0.009179999999999999
-0.018359999999999998
-0.009179999999999999
-0.018359999999999998
-0.036719999999999996
-0.018359999999999998
-0.009179999999999999
-0.018359999999999998
-0.009179999999999999
-0.0057599999999999995
-0.011519999999999999
-0.0057599999999999995
-0.011519999999999999
-0.023039999999999998
-0.011519999999999999
-0.0057599999999999995
-0.011519999999999999
-0.0057599999999999995
-0.006660000000000001
-0.013320000000000002
-0.006660000000000001
-0.013320000000000002
-0.026640000000000004
-0.013320000000000002
-0.006660000000000001
-0.013320000000000002
-0.006660000000000001
-0.00792
-0.01584
-0.00792
-0.01584
-0.03168
-0.01584
-0.00792
-0.01584
-0.00792
-0.009720000000000001
-0.019440000000000002
-0.009720000000000001
-0.019440000000000002
-0.038880000000000005
-0.019440000000000002
-0.009720000000000001
-0.019440000000000002
-0.009720000000000001
-0.013859999999999999
-0.027719999999999998
-0.013859999999999999
-0.027719999999999998
-0.055439999999999996
-0.027719999999999998
-0.013859999999999999
-0.027719999999999998
-0.013859999999999999
-0.019260000000000003
-0.038520000000000006
-0.019260000000000003
-0.038520000000000006
-0.07704000000000001
-0.038520000000000006
-0.019260000000000003
-0.038520000000000006
-0.019260000000000003
-0.13716
-0.27432
-0.13716
-0.27432
-0.54864
-0.27432
-0.13716
-0.27432
-0.13716