99
-0.004860000000000001
-0.009720000000000001
-0.004860000000000001
-0.009720000000000001
-0.019440000000000002
-0.009720000000000001
-0.004860000000000001
-0.009720000000000001
-0.004860000000000001
-0.01062
-0.02124
-0.01062
-0.02124
-0.04248
-0.02124
-0.01062
-0.02124
-0.01062
-0.012960000000000001
-0.025920000000000002
-0.012960000000000001
-0.025920000000000002
-0.051840000000000004
-0.025920000000000002
-0.012960000000000001
-0.025920000000000002
-0.012960000000000001
-0.010260000000000002
-0.020520000000000004
-0.010260000000000002
-0.020520000000000004
-0.04104000000000001
-0.020520000000000004
-0.010260000000000002
-0.020520000000000004
-0.010260000000000002
-0.0064800000000000005
-0.012960000000000001
-0.0064800000000000005
-0.012960000000000001
-0.025920000000000002
-0.012960000000000001
-0.0064800000000000005
-0.012960000000000001
-0.0064800000000000005
-0.007379999999999999
-0.014759999999999999
-0.007379999999999999
-0.014759999999999999
-0.029519999999999998
-0.014759999999999999
-0.007379999999999999
-0.014759999999999999
-0.007379999999999999
-0.00882
-0.01764
-0.00882
-0.01764
-0.03528
-0.01764
-0.00882
-0.01764
-0.00882
-0.01098
-0.02196
-0.01098
-0.02196
-0.04392
-0.02196
-0.01098
-0.02196
-0.01098
-0.015300000000000001
-0.030600000000000002
-0.015300000000000001
-0.030600000000000002
-0.061200000000000004
-0.030600000000000002
-0.015300000000000001
-0.030600000000000002
-0.015300000000000001
-0.0207
-0.0414
-0.0207
-0.0414
-0.0828
-0.0414
-0.0207
-0.0414
-0.0207
-0.15156
-0.30312
-0.15156
-0.30312
-0.60624
-0.30312
-0.15156
-0.30312
-0.15156