99
-0.00774
-0.01548
-0.00774
-0.01548
-0.03096
-0.01548
-0.00774
-0.01548
-0.00774
-0.01692
-0.03384
-0.01692
-0.03384
-0.06768
-0.03384
-0.01692
-0.03384
-0.01692
-0.02052
-0.04104
-0.02052
-0.04104
-0.08208
-0.04104
-0.02052
-0.04104
-0.02052
-0.016200000000000003
-0.032400000000000005
-0.016200000000000003
-0.032400000000000005
-0.06480000000000001
-0.032400000000000005
-0.016200000000000003
-0.032400000000000005
-0.016200000000000003
-0.01026
-0.02052
-0.01026
-0.02052
-0.04104
-0.02052
-0.01026
-0.02052
-0.01026
-0.0117
-0.0234
-0.0117
-0.0234
-0.0468
-0.0234
-0.0117
-0.0234
-0.0117
-0.014039999999999999
-0.028079999999999997
-0.014039999999999999
-0.028079999999999997
-0.056159999999999995
-0.028079999999999997
-0.014039999999999999
-0.028079999999999997
-0.014039999999999999
-0.01746
-0.03492
-0.01746
-0.03492
-0.06984
-0.03492
-0.01746
-0.03492
-0.01746
-0.024660000000000005
-0.04932000000000001
-0.024660000000000005
-0.04932000000000001
-0.09864000000000002
-0.04932000000000001
-0.024660000000000005
-0.04932000000000001
-0.024660000000000005
-0.033299999999999996
-0.06659999999999999
-0.033299999999999996
-0.06659999999999999
-0.13319999999999999
-0.06659999999999999
-0.033299999999999996
-0.06659999999999999
-0.033299999999999996
-0.24228000000000002
-0.48456000000000005
-0.24228000000000002
-0.48456000000000005
-0.9691200000000001
-0.48456000000000005
-0.24228000000000002
-0.48456000000000005
-0.24228000000000002