99
-0.0017999999999999997
-0.0035999999999999995
-0.0017999999999999997
-0.0035999999999999995
-0.007199999999999999
-0.0035999999999999995
-0.0017999999999999997
-0.0035999999999999995
-0.0017999999999999997
-0.0037800000000000004
-0.007560000000000001
-0.0037800000000000004
-0.007560000000000001
-0.015120000000000001
-0.007560000000000001
-0.0037800000000000004
-0.007560000000000001
-0.0037800000000000004
-0.0045000000000000005
-0.009000000000000001
-0.0045000000000000005
-0.009000000000000001
-0.018000000000000002
-0.009000000000000001
-0.0045000000000000005
-0.009000000000000001
-0.0045000000000000005
-0.0035999999999999995
-0.007199999999999999
-0.0035999999999999995
-0.007199999999999999
-0.014399999999999998
-0.007199999999999999
-0.0035999999999999995
-0.007199999999999999
-0.0035999999999999995
-0.0023400000000000005
-0.004680000000000001
-0.0023400000000000005
-0.004680000000000001
-0.009360000000000002
-0.004680000000000001
-0.0023400000000000005
-0.004680000000000001
-0.0023400000000000005
-0.0026999999999999997
-0.005399999999999999
-0.0026999999999999997
-0.005399999999999999
-0.010799999999999999
-0.005399999999999999
-0.0026999999999999997
-0.005399999999999999
-0.0026999999999999997
-0.0032400000000000003
-0.0064800000000000005
-0.0032400000000000003
-0.0064800000000000005
-0.012960000000000001
-0.0064800000000000005
-0.0032400000000000003
-0.0064800000000000005
-0.0032400000000000003
-0.00396
-0.00792
-0.00396
-0.00792
-0.01584
-0.00792
-0.00396
-0.00792
-0.00396
-0.005399999999999999
-0.010799999999999999
-0.005399999999999999
-0.010799999999999999
-0.021599999999999998
-0.010799999999999999
-0.005399999999999999
-0.010799999999999999
-0.005399999999999999
-0.007379999999999999
-0.014759999999999999
-0.007379999999999999
-0.014759999999999999
-0.029519999999999998
-0.014759999999999999
-0.007379999999999999
-0.014759999999999999
-0.007379999999999999
-0.054540000000000005
-0.10908000000000001
-0.054540000000000005
-0.10908000000000001
-0.21816000000000002
-0.10908000000000001
-0.054540000000000005
-0.10908000000000001
-0.054540000000000005