99
-0.0026999999999999997
-0.005399999999999999
-0.0026999999999999997
-0.005399999999999999
-0.010799999999999999
-0.005399999999999999
-0.0026999999999999997
-0.005399999999999999
-0.0026999999999999997
-0.0057599999999999995
-0.011519999999999999
-0.0057599999999999995
-0.011519999999999999
-0.023039999999999998
-0.011519999999999999
-0.0057599999999999995
-0.011519999999999999
-0.0057599999999999995
-0.007019999999999999
-0.014039999999999999
-0.007019999999999999
-0.014039999999999999
-0.028079999999999997
-0.014039999999999999
-0.007019999999999999
-0.014039999999999999
-0.007019999999999999
-0.00558
-0.01116
-0.00558
-0.01116
-0.02232
-0.01116
-0.00558
-0.01116
-0.00558
-0.0035999999999999995
-0.007199999999999999
-0.0035999999999999995
-0.007199999999999999
-0.014399999999999998
-0.007199999999999999
-0.0035999999999999995
-0.007199999999999999
-0.0035999999999999995
-0.0045000000000000005
-0.009000000000000001
-0.0045000000000000005
-0.009000000000000001
-0.018000000000000002
-0.009000000000000001
-0.0045000000000000005
-0.009000000000000001
-0.0045000000000000005
-0.00558
-0.01116
-0.00558
-0.01116
-0.02232
-0.01116
-0.00558
-0.01116
-0.00558
-0.006660000000000001
-0.013320000000000002
-0.006660000000000001
-0.013320000000000002
-0.026640000000000004
-0.013320000000000002
-0.006660000000000001
-0.013320000000000002
-0.006660000000000001
-0.009360000000000002
-0.018720000000000004
-0.009360000000000002
-0.018720000000000004
-0.03744000000000001
-0.018720000000000004
-0.009360000000000002
-0.018720000000000004
-0.009360000000000002
-0.013320000000000002
-0.026640000000000004
-0.013320000000000002
-0.026640000000000004
-0.05328000000000001
-0.026640000000000004
-0.013320000000000002
-0.026640000000000004
-0.013320000000000002
-0.07884000000000001
-0.15768000000000001
-0.07884000000000001
-0.15768000000000001
-0.31536000000000003
-0.15768000000000001
-0.07884000000000001
-0.15768000000000001
-0.07884000000000001