99
-0.007199999999999999
-0.014399999999999998
-0.007199999999999999
-0.014399999999999998
-0.028799999999999996
-0.014399999999999998
-0.007199999999999999
-0.014399999999999998
-0.007199999999999999
-0.01584
-0.03168
-0.01584
-0.03168
-0.06336
-0.03168
-0.01584
-0.03168
-0.01584
-0.019440000000000002
-0.038880000000000005
-0.019440000000000002
-0.038880000000000005
-0.07776000000000001
-0.038880000000000005
-0.019440000000000002
-0.038880000000000005
-0.019440000000000002
-0.015120000000000001
-0.030240000000000003
-0.015120000000000001
-0.030240000000000003
-0.060480000000000006
-0.030240000000000003
-0.015120000000000001
-0.030240000000000003
-0.015120000000000001
-0.009360000000000002
-0.018720000000000004
-0.009360000000000002
-0.018720000000000004
-0.03744000000000001
-0.018720000000000004
-0.009360000000000002
-0.018720000000000004
-0.009360000000000002
-0.010799999999999999
-0.021599999999999998
-0.010799999999999999
-0.021599999999999998
-0.043199999999999995
-0.021599999999999998
-0.010799999999999999
-0.021599999999999998
-0.010799999999999999
-0.012780000000000001
-0.025560000000000003
-0.012780000000000001
-0.025560000000000003
-0.051120000000000006
-0.025560000000000003
-0.012780000000000001
-0.025560000000000003
-0.012780000000000001
-0.01548
-0.03096
-0.01548
-0.03096
-0.06192
-0.03096
-0.01548
-0.03096
-0.01548
-0.021599999999999998
-0.043199999999999995
-0.021599999999999998
-0.043199999999999995
-0.08639999999999999
-0.043199999999999995
-0.021599999999999998
-0.043199999999999995
-0.021599999999999998
-0.029339999999999998
-0.058679999999999996
-0.029339999999999998
-0.058679999999999996
-0.11735999999999999
-0.058679999999999996
-0.029339999999999998
-0.058679999999999996
-0.029339999999999998
-0.22319999999999998
-0.44639999999999996
-0.22319999999999998
-0.44639999999999996
-0.8927999999999999
-0.44639999999999996
-0.22319999999999998
-0.44639999999999996
-0.22319999999999998