 EOAA
0.137
0.295
0.625
0.585
0.791
0.564
0.223
0.232
0.198
0.837
0.184
0.574
0.090
0.444
0.683
0.603
0.550
0.119
0.802
0.034
0.238
0.149
0.339
0.157
0.661
0.358
0.155
0.312
0.418
0.244
0.191
0.201
0.159
0.447
0.424
0.353
0.327
0.077
0.271
0.244
0.303
0.051
0.464
0.358
0.476
0.036
0.472
0.295
0.160
0.286
0.057
0.253
0.449
0.363
0.036
0.259
0.369
0.336
0.290
0.464
0.238
0.139
0.144
0.269
0.381
0.223
0.074
0.318
0.160
0.072
0.055
0.188
0.091
0.313
0.239
0.528
0.351
0.336
0.030
0.574
0.165
0.634
0.036
0.389
0.622
0.350
0.717
0.083
0.049
0.140
0.463
0.320
0.466
0.251
0.215
0.106
0.356
0.328
0.708
0.575
0.861
0.255
0.167
0.324
0.523
0.444
0.153
0.389
0.174
0.384
1.056
1.126
1.090
1.067
1.024
1.379
0.294
1.242
1.691
1.426
0.767
0.676
0.741
1.043
0.358
0.475
0.619
0.562
0.460
0.299
0.465
0.082
0.093
0.509
0.371
1.240
1.515
1.706
0.247
0.092
0.541
0.887
1.247
1.435
1.584
0.527
0.614
2.364
1.493
1.268
1.629
1.503
1.392
1.196
1.445
1.100
1.670
1.318
2.254
1.995
1.770
1.269
2.206
1.887
0.993
1.133
2.449
0.836
2.662
2.012
2.715
2.290
3.466
2.285
3.783
1.791
2.324
0.478
2.746
2.311
2.902
1.591
2.337
2.985
3.384
2.973
3.208
1.593
3.378
3.170
3.198
2.036
1.470
2.180
1.868
0.893
0.475
0.232
0.927
4.999
4.527
4.387
1.466
2.825
1.210
2.354
4.309
3.740
3.726
1.292
2.411
3.133
2.715
3.007
3.467
2.422
2.904
5.726
5.595
5.560
5.192
5.103
5.754
5.520
5.257
3.131
2.968
2.710
3.599
4.244
3.550
4.781
4.676
4.891
2.084
5.541
5.677
4.994
3.352
2.276
3.455
4.130
5.110
5.482
4.029
2.427
2.735
5.250
4.207
3.803
3.127
3.301
4.529
2.045
3.952
4.418
3.672
3.834
2.879
3.642
2.165
2.308
3.806
2.521
2.974
2.938
3.176
4.366
3.520
4.809
4.956
4.874
2.681
4.785
5.431