0.0 0.0
1.0 0.0
2.0 0.00045
3.0 0.0
4.0 0.0
5.0 0.0
6.0 0.0
7.0 0.0
8.0 0.0
9.0 0.001103
10.0 0.010602
11.0 0.0
12.0 5.6e-05
13.0 0.0005510000000000001
14.0 0.00087
15.0 0.000496
16.0 0.001091
17.0 0.0
18.0 0.0
19.0 0.018618000000000003
20.0 0.0
21.0 0.012204000000000001
22.0 0.000313
23.0 0.027396
24.0 0.007431
25.0 0.0
26.0 0.0
27.0 0.0
28.0 0.002826
29.0 0.0
30.0 0.0
31.0 0.0
32.0 0.000253
33.0 0.0
34.0 0.0
35.0 0.0
36.0 0.0
37.0 0.0
38.0 0.0
39.0 0.000331
40.0 0.000357
41.0 0.000199
42.0 0.0
43.0 0.006462
44.0 0.004958000000000001
45.0 0.0
46.0 0.0
47.0 0.0
48.0 0.0
49.0 0.0074589999999999995
50.0 0.0
51.0 0.0
52.0 0.009942
53.0 0.0046289999999999994
54.0 0.000575
55.0 0.0
56.0 0.004881
57.0 8.400000000000001e-05
58.0 0.0
59.0 0.000345
60.0 0.0
61.0 0.0
62.0 0.01717
63.0 0.016225
64.0 0.026952
65.0 0.000128
66.0 0.004212
67.0 0.0
68.0 0.007899
69.0 0.0
70.0 0.0
71.0 0.0
72.0 0.0
73.0 0.0
74.0 0.0054859999999999996
75.0 0.0
76.0 0.005001
77.0 0.0005909999999999999
78.0 6.1000000000000005e-05
79.0 0.0027730000000000003
80.0 0.001428
81.0 0.0
82.0 0.0
